[gd_scene load_steps=42 format=3 uid="uid://d3hwsol6r31w5"]

[ext_resource type="PackedScene" uid="uid://dlkla4nejari3" path="res://assets/models/ThirdPersonModel.blend" id="1_l0xja"]
[ext_resource type="Script" path="res://scenes/player/PlayerModel.gd" id="2_yof0n"]
[ext_resource type="PackedScene" uid="uid://gyg3csssm38m" path="res://assets/models/Bat.blend" id="3_bpn11"]

[sub_resource type="AnimationNodeAnimation" id="AnimationNodeAnimation_ofl68"]
animation = &"LookDown"

[sub_resource type="AnimationNodeAnimation" id="AnimationNodeAnimation_te0yl"]
animation = &"Flinch"

[sub_resource type="AnimationNodeAnimation" id="AnimationNodeAnimation_l7m2l"]
animation = &"Equip"

[sub_resource type="AnimationNodeAnimation" id="AnimationNodeAnimation_kulyc"]
animation = &"LookUp"

[sub_resource type="AnimationNodeBlend2" id="AnimationNodeBlend2_lli4p"]
filter_enabled = true
filters = ["Armature/Skeleton3D:LowerArm.L", "Armature/Skeleton3D:LowerArm.R", "Armature/Skeleton3D:LowerHand.L", "Armature/Skeleton3D:LowerHand.R", "Armature/Skeleton3D:UpperArm.L", "Armature/Skeleton3D:UpperArm.R", "Armature/Skeleton3D:UpperHand.L", "Armature/Skeleton3D:UpperHand.R"]

[sub_resource type="AnimationNodeAnimation" id="AnimationNodeAnimation_12cdx"]
animation = &"MeleeReady1H"

[sub_resource type="AnimationNodeAnimation" id="AnimationNodeAnimation_w8363"]
animation = &"MeleeSwing1H"

[sub_resource type="AnimationNodeBlendSpace1D" id="AnimationNodeBlendSpace1D_ieem8"]
blend_point_0/node = SubResource("AnimationNodeAnimation_12cdx")
blend_point_0/pos = 0.0
blend_point_1/node = SubResource("AnimationNodeAnimation_w8363")
blend_point_1/pos = 1.0

[sub_resource type="AnimationNodeOneShot" id="AnimationNodeOneShot_6bxkp"]
filter_enabled = true

[sub_resource type="AnimationNodeOneShot" id="AnimationNodeOneShot_74kw8"]

[sub_resource type="AnimationNodeAdd3" id="AnimationNodeAdd3_5xkqa"]
filter_enabled = true
filters = ["Armature/Skeleton3D:Chest"]

[sub_resource type="AnimationNodeAnimation" id="AnimationNodeAnimation_cpgjn"]
animation = &"MoveForward1"

[sub_resource type="AnimationNodeAnimation" id="AnimationNodeAnimation_duosb"]
animation = &"MoveBackward1"

[sub_resource type="AnimationNodeAnimation" id="AnimationNodeAnimation_a0kms"]
animation = &"MoveBackward3"

[sub_resource type="AnimationNodeAnimation" id="AnimationNodeAnimation_mv383"]
animation = &"MoveRight3"

[sub_resource type="AnimationNodeAnimation" id="AnimationNodeAnimation_2scqe"]
animation = &"MoveLeft3"

[sub_resource type="AnimationNodeAnimation" id="AnimationNodeAnimation_251t1"]
animation = &"MoveRight1"

[sub_resource type="AnimationNodeAnimation" id="AnimationNodeAnimation_be5m7"]
animation = &"MoveLeft1"

[sub_resource type="AnimationNodeAnimation" id="AnimationNodeAnimation_0y8n2"]
animation = &"Stand"

[sub_resource type="AnimationNodeAnimation" id="AnimationNodeAnimation_wp7e6"]
animation = &"MoveForward2"

[sub_resource type="AnimationNodeAnimation" id="AnimationNodeAnimation_h4rup"]
animation = &"MoveBackward2"

[sub_resource type="AnimationNodeAnimation" id="AnimationNodeAnimation_gkm4i"]
animation = &"MoveLeft2"

[sub_resource type="AnimationNodeAnimation" id="AnimationNodeAnimation_cpd8j"]
animation = &"MoveRight2"

[sub_resource type="AnimationNodeAnimation" id="AnimationNodeAnimation_uax1u"]
animation = &"MoveForward3"

[sub_resource type="AnimationNodeBlendSpace2D" id="AnimationNodeBlendSpace2D_fa6tf"]
blend_point_0/node = SubResource("AnimationNodeAnimation_cpgjn")
blend_point_0/pos = Vector2(0, 1)
blend_point_1/node = SubResource("AnimationNodeAnimation_duosb")
blend_point_1/pos = Vector2(0, -1)
blend_point_2/node = SubResource("AnimationNodeAnimation_251t1")
blend_point_2/pos = Vector2(1, 0)
blend_point_3/node = SubResource("AnimationNodeAnimation_be5m7")
blend_point_3/pos = Vector2(-1, 0)
blend_point_4/node = SubResource("AnimationNodeAnimation_0y8n2")
blend_point_4/pos = Vector2(0, 0)
blend_point_5/node = SubResource("AnimationNodeAnimation_wp7e6")
blend_point_5/pos = Vector2(0, 2)
blend_point_6/node = SubResource("AnimationNodeAnimation_h4rup")
blend_point_6/pos = Vector2(0, -2)
blend_point_7/node = SubResource("AnimationNodeAnimation_gkm4i")
blend_point_7/pos = Vector2(-2, 0)
blend_point_8/node = SubResource("AnimationNodeAnimation_cpd8j")
blend_point_8/pos = Vector2(2, 0)
blend_point_9/node = SubResource("AnimationNodeAnimation_uax1u")
blend_point_9/pos = Vector2(0, 3)
blend_point_10/node = SubResource("AnimationNodeAnimation_a0kms")
blend_point_10/pos = Vector2(0, -3)
blend_point_11/node = SubResource("AnimationNodeAnimation_mv383")
blend_point_11/pos = Vector2(3, 0)
blend_point_12/node = SubResource("AnimationNodeAnimation_2scqe")
blend_point_12/pos = Vector2(-3, 0)
min_space = Vector2(-3, -3)
max_space = Vector2(3, 3)
sync = true

[sub_resource type="AnimationNodeTimeScale" id="AnimationNodeTimeScale_5h7qr"]

[sub_resource type="AnimationNodeBlendTree" id="AnimationNodeBlendTree_7m1lo"]
graph_offset = Vector2(137.949, -97.2617)
nodes/Animation/node = SubResource("AnimationNodeAnimation_kulyc")
nodes/Animation/position = Vector2(146.667, 186.667)
"nodes/Animation 2/node" = SubResource("AnimationNodeAnimation_ofl68")
"nodes/Animation 2/position" = Vector2(133.333, -120)
"nodes/Animation 5/node" = SubResource("AnimationNodeAnimation_te0yl")
"nodes/Animation 5/position" = Vector2(866.667, 253.333)
"nodes/Animation 7/node" = SubResource("AnimationNodeAnimation_l7m2l")
"nodes/Animation 7/position" = Vector2(666.667, 253.333)
nodes/attack/node = SubResource("AnimationNodeBlend2_lli4p")
nodes/attack/position = Vector2(546.667, 0)
nodes/attack_swing/node = SubResource("AnimationNodeBlendSpace1D_ieem8")
nodes/attack_swing/position = Vector2(360, 266.667)
nodes/equip/node = SubResource("AnimationNodeOneShot_6bxkp")
nodes/equip/position = Vector2(866.786, 5.95792)
nodes/hurt/node = SubResource("AnimationNodeOneShot_74kw8")
nodes/hurt/position = Vector2(1066.67, 40)
nodes/look_y/node = SubResource("AnimationNodeAdd3_5xkqa")
nodes/look_y/position = Vector2(320, -13.3333)
nodes/move/node = SubResource("AnimationNodeBlendSpace2D_fa6tf")
nodes/move/position = Vector2(-93.3333, 13.3333)
nodes/move_speed/node = SubResource("AnimationNodeTimeScale_5h7qr")
nodes/move_speed/position = Vector2(120, 26.6667)
nodes/output/position = Vector2(1266.67, 66.6667)
node_connections = [&"attack", 0, &"look_y", &"attack", 1, &"attack_swing", &"equip", 0, &"attack", &"equip", 1, &"Animation 7", &"hurt", 0, &"equip", &"hurt", 1, &"Animation 5", &"look_y", 0, &"Animation 2", &"look_y", 1, &"move_speed", &"look_y", 2, &"Animation", &"move_speed", 0, &"move", &"output", 0, &"hurt"]

[sub_resource type="BoxShape3D" id="BoxShape3D_ur7sm"]
size = Vector3(0.225217, 0.156215, 0.21866)

[sub_resource type="CapsuleShape3D" id="CapsuleShape3D_rp2k7"]
radius = 0.00956078
height = 0.0956078

[sub_resource type="BoxShape3D" id="BoxShape3D_cj50x"]
size = Vector3(0.182053, 0.169014, 0.244418)

[sub_resource type="CapsuleShape3D" id="CapsuleShape3D_bpbuw"]
radius = 0.0291985
height = 0.291985

[sub_resource type="CapsuleShape3D" id="CapsuleShape3D_tymfo"]
radius = 0.0233692
height = 0.233692

[sub_resource type="CapsuleShape3D" id="CapsuleShape3D_1l0an"]
radius = 0.0291985
height = 0.291985

[sub_resource type="CapsuleShape3D" id="CapsuleShape3D_e4r4e"]
radius = 0.0233692
height = 0.233692

[sub_resource type="CapsuleShape3D" id="CapsuleShape3D_y85b4"]
radius = 0.0504686
height = 0.504686

[sub_resource type="CapsuleShape3D" id="CapsuleShape3D_oaoc5"]
radius = 0.047316
height = 0.47316

[sub_resource type="CapsuleShape3D" id="CapsuleShape3D_3qydc"]
radius = 0.0504686
height = 0.504686

[sub_resource type="CapsuleShape3D" id="CapsuleShape3D_2vphi"]
radius = 0.047316
height = 0.47316

[node name="ThirdPersonModel" instance=ExtResource("1_l0xja")]
script = ExtResource("2_yof0n")

[node name="AnimationTree" type="AnimationTree" parent="." index="0"]
root_motion_track = NodePath("Armature/Skeleton3D:Root")
tree_root = SubResource("AnimationNodeBlendTree_7m1lo")
anim_player = NodePath("../AnimationPlayer")
parameters/attack/blend_amount = 0.0
parameters/attack_swing/blend_position = -0.00456971
parameters/equip/active = false
parameters/equip/internal_active = false
parameters/equip/request = 0
parameters/hurt/active = false
parameters/hurt/internal_active = false
parameters/hurt/request = 0
parameters/look_y/add_amount = 0.0
parameters/move/blend_position = Vector2(0.02455, -0.0151899)
parameters/move_speed/scale = 1.5

[node name="RootMotionView" type="RootMotionView" parent="AnimationTree" index="0"]
animation_path = NodePath("..")

[node name="SpringArm3D" type="SpringArm3D" parent="." index="1"]
transform = Transform3D(1, 0, 0, 0, 0.866025, 0.5, 0, -0.5, 0.866025, 0, 1, 0)
spring_length = 2.0

[node name="DeathCam" type="Camera3D" parent="SpringArm3D" index="0"]
transform = Transform3D(1, 0, 0, 0, 1, 0, 0, 0, 1, 0, 0, 2)

[node name="Skeleton3D" parent="Armature" index="0"]
animate_physical_bones = false
bones/1/position = Vector3(0, 0.968316, 0)
bones/1/rotation = Quaternion(0, -0.251856, 0, 0.967765)
bones/2/rotation = Quaternion(0, 0.251856, 0, 0.967765)
bones/4/rotation = Quaternion(0.0407169, 0, 0, 0.999171)
bones/4/scale = Vector3(1, 1, 1)
bones/5/rotation = Quaternion(-0.0311421, 0, 0, 0.999515)
bones/9/position = Vector3(0.206389, 0.198394, 0.003802)
bones/9/rotation = Quaternion(0.985355, 0.121099, 0.115811, 0.0315999)
bones/9/scale = Vector3(1, 1, 1)
bones/10/rotation = Quaternion(-0.689469, -0.00504596, -0.0655239, 0.721328)
bones/10/scale = Vector3(1, 1, 1)
bones/11/rotation = Quaternion(0.279349, 0.282481, 0.0163185, 0.917552)
bones/11/scale = Vector3(1, 1, 1)
bones/12/rotation = Quaternion(-0.0570474, -0.130592, 0.118748, 0.982644)
bones/13/scale = Vector3(1, 1, 1)
bones/15/position = Vector3(0.372706, -0.0336721, -0.43065)
bones/15/scale = Vector3(1, 1, 1)
bones/16/position = Vector3(0.243724, -0.0798584, 0.26185)
bones/16/rotation = Quaternion(0.779846, 0.300217, 0.330848, 0.438462)
bones/16/scale = Vector3(1, 1, 1)
bones/18/position = Vector3(-0.206389, 0.198394, 0.003802)
bones/18/rotation = Quaternion(0.972016, -0.182679, -0.0955774, 0.112599)
bones/18/scale = Vector3(1, 1, 1)
bones/19/rotation = Quaternion(-0.175753, 0.00688535, 0.0167028, 0.984268)
bones/19/scale = Vector3(1, 1, 1)
bones/20/rotation = Quaternion(-0.116241, -0.0888479, 0.13656, 0.979768)
bones/20/scale = Vector3(1, 1, 1)
bones/21/rotation = Quaternion(-0.311206, -0.165064, -0.643572, 0.6795)
bones/22/scale = Vector3(1, 1, 1)
bones/24/position = Vector3(-0.372706, -0.0336721, -0.43065)
bones/24/scale = Vector3(1, 1, 1)
bones/25/position = Vector3(-0.366109, -0.24766, 0.211993)
bones/25/rotation = Quaternion(0.84774, -0.314085, -0.180151, 0.387598)
bones/25/scale = Vector3(1, 1, 1)
bones/26/rotation = Quaternion(0.956622, 0.042828, -0.257279, 0.129801)
bones/27/rotation = Quaternion(0.160114, 6.94234e-09, -1.12075e-09, 0.987098)
bones/28/rotation = Quaternion(-0.657093, 0.00263637, 0.0106836, 0.753729)
bones/29/rotation = Quaternion(0.969103, -0.00653182, -0.245636, 0.0214387)
bones/30/rotation = Quaternion(0.163554, 6.553e-09, -5.3744e-10, 0.986534)
bones/31/rotation = Quaternion(-0.743735, -0.000961811, -0.010989, 0.668384)
bones/34/position = Vector3(0.153472, 0.0253585, 0.193146)
bones/34/rotation = Quaternion(0.768794, 0, 0, 0.639496)
bones/34/scale = Vector3(1, 1, 1)
bones/35/position = Vector3(-0.153951, 0.0261339, -0.193146)
bones/35/rotation = Quaternion(0.768794, 0, 0, 0.639496)
bones/35/scale = Vector3(1, 1, 1)

[node name="Camera_2" parent="Armature/Skeleton3D" index="0"]
transform = Transform3D(-1, -6.2315e-15, 1.50996e-07, 7.31254e-15, 1, 8.96981e-08, -1.50996e-07, 9.34234e-08, -1, 0, 1.70881, 0.16)

[node name="InteractRay" type="RayCast3D" parent="Armature/Skeleton3D/Camera_2" index="1"]
enabled = false
target_position = Vector3(0, 0, -2)
collision_mask = 9
collide_with_areas = true

[node name="RightHand" type="BoneAttachment3D" parent="Armature/Skeleton3D" index="6"]
transform = Transform3D(0.983144, 0.0548451, 0.174413, 0.05092, 0.834068, -0.549307, -0.175599, 0.548928, 0.817216, -0.360029, 1.00574, 0.281632)
bone_name = "HandHold.R"
bone_idx = 23

[node name="Bat" parent="Armature/Skeleton3D/RightHand" index="0" instance=ExtResource("3_bpn11")]

[node name="LeftHand" type="BoneAttachment3D" parent="Armature/Skeleton3D" index="7"]
transform = Transform3D(0.875215, -0.322605, -0.360451, 0.078852, 0.830321, -0.551679, 0.477264, 0.454415, 0.752147, 0.222344, 1.17527, 0.325508)
bone_name = "HandHold.L"
bone_idx = 14

[node name="Physical Bone Hips" type="PhysicalBone3D" parent="Armature/Skeleton3D" index="8"]
transform = Transform3D(0.50896, -0.86079, 0, 0, 0, -1, 0.86079, 0.50896, 0, 0, 1.04804, 0)
collision_layer = 0
joint_type = 3
joint_offset = Transform3D(-3.61999e-06, 0, 1, 0, 1, 0, -1, 0, -3.61999e-06, 0, 0, 0.0793701)
joint_rotation = Vector3(0, 1.5708, 0)
body_offset = Transform3D(0.867603, -0.497258, 0, 0, 0, -1, 0.497258, 0.867603, 0, 0, 0.0793701, 0)
mass = 4.0
bone_name = "Hips"
joint_constraints/angular_limit_enabled = true
joint_constraints/angular_limit_upper = 40.0
joint_constraints/angular_limit_lower = -40.0
joint_constraints/angular_limit_bias = 0.3
joint_constraints/angular_limit_softness = 0.5
joint_constraints/angular_limit_relaxation = 1.0

[node name="CollisionShape3D" type="CollisionShape3D" parent="Armature/Skeleton3D/Physical Bone Hips" index="0"]
transform = Transform3D(1, 0, 0, 0, 0, 1, 0, -1, 0, 0, 0, 0)
shape = SubResource("BoxShape3D_ur7sm")

[node name="Physical Bone Torso" type="PhysicalBone3D" parent="Armature/Skeleton3D" index="9"]
transform = Transform3D(1, 6.75509e-09, 0, 0, 0, -1, -6.75509e-09, 1, 0, 0, 1.2097, 0)
collision_layer = 0
joint_type = 3
joint_offset = Transform3D(-3.61999e-06, 0, 1, 0, 1, 0, -1, 0, -3.61999e-06, 0, 0, 0.041038)
joint_rotation = Vector3(0, 1.5708, 0)
body_offset = Transform3D(1, 6.75509e-09, 0, 0, 0, -1, -6.75509e-09, 1, 0, 0, 0.041038, 0)
mass = 4.0
bone_name = "Torso"
joint_constraints/angular_limit_enabled = true
joint_constraints/angular_limit_upper = 40.0
joint_constraints/angular_limit_lower = -40.0
joint_constraints/angular_limit_bias = 0.3
joint_constraints/angular_limit_softness = 0.5
joint_constraints/angular_limit_relaxation = 1.0

[node name="CollisionShape3D" type="CollisionShape3D" parent="Armature/Skeleton3D/Physical Bone Torso" index="0"]
transform = Transform3D(1, 0, 0.000274688, -0.000274688, 0, 1, 0, -1, 0, 0, 0, -0.0435207)
shape = SubResource("BoxShape3D_ur7sm")

[node name="Physical Bone Chest" type="PhysicalBone3D" parent="Armature/Skeleton3D" index="10"]
transform = Transform3D(1, -5.35748e-09, -2.00208e-10, -9.74878e-11, 0.0191663, -0.999816, 5.36033e-09, 0.999816, 0.0191663, 6.2073e-10, 1.42696, -0.00297253)
collision_layer = 0
joint_type = 3
joint_offset = Transform3D(-3.61999e-06, 0, 1, 0, 1, 0, -1, 0, -3.61999e-06, -5.91716e-10, 0.000400348, 0.134207)
joint_rotation = Vector3(0, 1.5708, 0)
body_offset = Transform3D(1, -5.35748e-09, -2.00208e-10, -2.00178e-10, 5.53764e-06, -1, 5.35748e-09, 1, 5.53764e-06, 6.2073e-10, 0.134207, -0.000401091)
mass = 4.0
bone_name = "Chest"
joint_constraints/angular_limit_enabled = true
joint_constraints/angular_limit_upper = 40.0
joint_constraints/angular_limit_lower = -40.0
joint_constraints/angular_limit_bias = 0.3
joint_constraints/angular_limit_softness = 0.5
joint_constraints/angular_limit_relaxation = 1.0

[node name="CollisionShape3D" type="CollisionShape3D" parent="Armature/Skeleton3D/Physical Bone Chest" index="0"]
transform = Transform3D(1, -9.99455e-08, 5.21502e-06, -5.21386e-06, 3.1665e-08, 1, -9.99233e-08, -1, 7.45058e-09, -1.54909e-08, 0.00107254, -0.055963)
shape = SubResource("BoxShape3D_ur7sm")

[node name="Physical Bone Neck" type="PhysicalBone3D" parent="Armature/Skeleton3D" index="11"]
transform = Transform3D(1, -5.26197e-08, 3.34693e-09, 6.46578e-11, -0.062254, -0.99806, 5.2726e-08, 0.99806, -0.062254, 3.91537e-10, 1.63004, -0.0029763)
collision_layer = 0
joint_type = 3
joint_offset = Transform3D(-3.61999e-06, 0, 1, 0, 1, 0, -1, 0, -3.61999e-06, -5.50157e-10, -0.00130905, 0.0268121)
joint_rotation = Vector3(0, 1.5708, 0)
body_offset = Transform3D(1, -5.26197e-08, 3.34693e-09, 3.34694e-09, 9.68575e-08, -1, 5.26197e-08, 1, 1.08033e-07, 3.91537e-10, 0.0268121, 0.00130904)
mass = 4.0
bone_name = "Neck"
joint_constraints/angular_limit_enabled = true
joint_constraints/angular_limit_upper = 40.0
joint_constraints/angular_limit_lower = -40.0
joint_constraints/angular_limit_bias = 0.3
joint_constraints/angular_limit_softness = 0.5
joint_constraints/angular_limit_relaxation = 1.0

[node name="CollisionShape3D" type="CollisionShape3D" parent="Armature/Skeleton3D/Physical Bone Neck" index="0"]
transform = Transform3D(1, 0, 0, 0, 0, 1, 0, -1, 0, 0, 0, 0)
shape = SubResource("CapsuleShape3D_rp2k7")

[node name="Physical Bone Head" type="PhysicalBone3D" parent="Armature/Skeleton3D" index="12"]
transform = Transform3D(-1, 2.42522e-06, 3.7411e-05, 2.37276e-12, 0.997905, -0.0646907, -3.74895e-05, -0.0646907, -0.997905, 7.53852e-07, 1.80603, -0.0203334)
collision_layer = 0
joint_type = 3
joint_offset = Transform3D(-3.61999e-06, 0, 1, 0, 1, 0, -1, 0, -3.61999e-06, -8.43653e-09, -0.108337, -0.013353)
joint_rotation = Vector3(0, 1.5708, 0)
body_offset = Transform3D(-1, 2.42522e-06, 3.7411e-05, -5.60086e-13, 0.997906, -0.0646908, -3.74895e-05, -0.0646908, -0.997905, 7.53852e-07, 0.107246, -0.0203334)
mass = 4.0
bone_name = "Head"
joint_constraints/angular_limit_enabled = true
joint_constraints/angular_limit_upper = 40.0
joint_constraints/angular_limit_lower = -40.0
joint_constraints/angular_limit_bias = 0.3
joint_constraints/angular_limit_softness = 0.5
joint_constraints/angular_limit_relaxation = 1.0

[node name="CollisionShape3D" type="CollisionShape3D" parent="Armature/Skeleton3D/Physical Bone Head" index="0"]
transform = Transform3D(1, -1.09139e-11, 8.18545e-12, -7.95808e-12, 1.86265e-07, 1, -1.16415e-10, -0.999997, 0, -5.80593e-07, -0.00100958, -0.0154744)
shape = SubResource("BoxShape3D_cj50x")

[node name="Physical Bone UpperArmL" type="PhysicalBone3D" parent="Armature/Skeleton3D" index="13"]
transform = Transform3D(0.987198, -0.141336, 0.0739144, -0.117684, -0.332663, 0.935674, -0.107656, -0.932395, -0.345037, 0.190178, 1.34297, 0.0556675)
collision_layer = 0
joint_type = 3
joint_offset = Transform3D(-3.61999e-06, 0, 1, 0, 1, 0, -1, 0, -3.61999e-06, 0.00425963, -0.000525355, 0.161429)
joint_rotation = Vector3(0, 1.5708, 0)
body_offset = Transform3D(0.879286, -0.41751, 0.22922, 0.33019, 0.187487, -0.925107, 0.343266, 0.88912, 0.302712, -0.0409675, 0.148031, -0.0498615)
mass = 4.0
bone_name = "UpperArm.L"
joint_constraints/angular_limit_enabled = true
joint_constraints/angular_limit_upper = 40.0
joint_constraints/angular_limit_lower = -40.0
joint_constraints/angular_limit_bias = 0.3
joint_constraints/angular_limit_softness = 0.5
joint_constraints/angular_limit_relaxation = 1.0

[node name="CollisionShape3D" type="CollisionShape3D" parent="Armature/Skeleton3D/Physical Bone UpperArmL" index="0"]
transform = Transform3D(1, 0, 0, 0, 0, 1, 0, -1, 0, 0, 0, 0)
shape = SubResource("CapsuleShape3D_bpbuw")

[node name="Physical Bone LowerArmL" type="PhysicalBone3D" parent="Armature/Skeleton3D" index="14"]
transform = Transform3D(0.914746, -0.358111, -0.187073, -0.13419, 0.167447, -0.976706, 0.381094, 0.918541, 0.105117, 0.194367, 1.38952, 0.00107723)
collision_layer = 0
joint_type = 3
joint_offset = Transform3D(-3.61999e-06, 0, 1, 0, 1, 0, -1, 0, -3.61999e-06, 0.108321, -0.0300945, 0.162334)
joint_rotation = Vector3(0, 1.5708, 0)
body_offset = Transform3D(0.856353, -0.180841, -0.48369, 0.254466, 0.962834, 0.0905391, 0.44934, -0.200616, 0.870544, -0.0196843, -0.0132856, -0.196029)
mass = 4.0
bone_name = "LowerArm.L"
joint_constraints/angular_limit_enabled = true
joint_constraints/angular_limit_upper = 40.0
joint_constraints/angular_limit_lower = -40.0
joint_constraints/angular_limit_bias = 0.3
joint_constraints/angular_limit_softness = 0.5
joint_constraints/angular_limit_relaxation = 1.0

[node name="CollisionShape3D" type="CollisionShape3D" parent="Armature/Skeleton3D/Physical Bone LowerArmL" index="0"]
transform = Transform3D(1, 0, 0, 0, 0, 1, 0, -1, 0, 0, 0, 0)
shape = SubResource("CapsuleShape3D_tymfo")

[node name="Physical Bone UpperArmR" type="PhysicalBone3D" parent="Armature/Skeleton3D" index="15"]
transform = Transform3D(0.969167, 0.154109, 0.192263, -0.0549509, -0.625448, 0.778329, 0.240198, -0.764896, -0.597695, -0.230517, 1.36496, 0.0943795)
collision_layer = 0
joint_type = 3
joint_offset = Transform3D(-3.61999e-06, 0, 1, 0, 1, 0, -1, 0, -3.61999e-06, -0.00635925, -0.00460407, 0.161242)
joint_rotation = Vector3(0, 1.5708, 0)
body_offset = Transform3D(0.874798, 0.48305, -0.037296, -0.208518, 0.3059, -0.928949, -0.43732, 0.820419, 0.368325, 0.0138007, 0.149868, -0.0583934)
mass = 4.0
bone_name = "UpperArm.R"
joint_constraints/angular_limit_enabled = true
joint_constraints/angular_limit_upper = 40.0
joint_constraints/angular_limit_lower = -40.0
joint_constraints/angular_limit_bias = 0.3
joint_constraints/angular_limit_softness = 0.5
joint_constraints/angular_limit_relaxation = 1.0

[node name="CollisionShape3D" type="CollisionShape3D" parent="Armature/Skeleton3D/Physical Bone UpperArmR" index="0"]
transform = Transform3D(1, 0, 0, 0, 0, 1, 0, -1, 0, 0, 0, 0)
shape = SubResource("CapsuleShape3D_1l0an")

[node name="Physical Bone LowerArmR" type="PhysicalBone3D" parent="Armature/Skeleton3D" index="16"]
transform = Transform3D(0.985991, 0.0524824, 0.158326, 0.0127435, -0.970137, 0.242222, 0.166311, -0.236811, -0.957215, -0.266309, 1.25411, 0.27544)
collision_layer = 0
joint_type = 3
joint_offset = Transform3D(-3.61999e-06, 0, 1, 0, 1, 0, -1, 0, -3.61999e-06, -0.0698937, 0.0678474, 0.176109)
joint_rotation = Vector3(0, 1.5708, 0)
body_offset = Transform3D(0.872552, 0.464316, 0.151868, -0.174835, 0.587084, -0.790421, -0.456164, 0.663131, 0.59344, 0.00273788, 0.0871484, -0.181385)
mass = 4.0
bone_name = "LowerArm.R"
joint_constraints/angular_limit_enabled = true
joint_constraints/angular_limit_upper = 40.0
joint_constraints/angular_limit_lower = -40.0
joint_constraints/angular_limit_bias = 0.3
joint_constraints/angular_limit_softness = 0.5
joint_constraints/angular_limit_relaxation = 1.0

[node name="CollisionShape3D" type="CollisionShape3D" parent="Armature/Skeleton3D/Physical Bone LowerArmR" index="0"]
transform = Transform3D(1, 0, 0, 0, 0, 1, 0, -1, 0, 0, 0, 0)
shape = SubResource("CapsuleShape3D_e4r4e")

[node name="Physical Bone UpperLegL" type="PhysicalBone3D" parent="Armature/Skeleton3D" index="17"]
transform = Transform3D(0.998971, -0.00579884, -0.0449817, 0.0350365, -0.53112, 0.846572, -0.0287998, -0.847277, -0.53037, 0.130034, 0.769797, 0.29509)
collision_layer = 0
joint_type = 3
joint_offset = Transform3D(-3.61999e-06, 0, 1, 0, 1, 0, -1, 0, -3.61999e-06, 0.022454, 0.0703312, 0.294198)
joint_rotation = Vector3(0, 1.5708, 0)
body_offset = Transform3D(0.999701, -0.00519363, -0.0238875, -0.0216317, 0.267219, -0.963393, 0.0113866, 0.963622, 0.267027, -0.0150543, 0.26512, -0.146587)
mass = 4.0
bone_name = "UpperLeg.L"
joint_constraints/angular_limit_enabled = true
joint_constraints/angular_limit_upper = 40.0
joint_constraints/angular_limit_lower = -40.0
joint_constraints/angular_limit_bias = 0.3
joint_constraints/angular_limit_softness = 0.5
joint_constraints/angular_limit_relaxation = 1.0

[node name="CollisionShape3D" type="CollisionShape3D" parent="Armature/Skeleton3D/Physical Bone UpperLegL" index="0"]
transform = Transform3D(1, 0, 0, 0, 0, 1, 0, -1, 0, 0, 0, 0)
shape = SubResource("CapsuleShape3D_y85b4")

[node name="Physical Bone LowerLegL" type="PhysicalBone3D" parent="Armature/Skeleton3D" index="18"]
transform = Transform3D(0.998967, -0.0258205, -0.037398, 0.0395329, 0.0878328, 0.99535, -0.0224157, -0.995801, 0.0887628, 0.151463, 0.252885, 0.41554)
collision_layer = 0
joint_type = 3
joint_offset = Transform3D(-3.61999e-06, 0, 1, 0, 1, 0, -1, 0, -3.61999e-06, 0.0115845, 0.21364, 0.227617)
joint_rotation = Vector3(0, 1.5708, 0)
body_offset = Transform3D(0.999701, -0.0125999, -0.0209499, -0.021343, -0.0319201, -0.999262, 0.0119218, 0.999411, -0.0321795, -0.00412066, 0.234516, -0.206328)
mass = 4.0
bone_name = "LowerLeg.L"
joint_constraints/angular_limit_enabled = true
joint_constraints/angular_limit_upper = 40.0
joint_constraints/angular_limit_lower = -40.0
joint_constraints/angular_limit_bias = 0.3
joint_constraints/angular_limit_softness = 0.5
joint_constraints/angular_limit_relaxation = 1.0

[node name="CollisionShape3D" type="CollisionShape3D" parent="Armature/Skeleton3D/Physical Bone LowerLegL" index="0"]
transform = Transform3D(1, 0, 0, 0, 0, 1, 0, -1, 0, 0, 0, 0)
shape = SubResource("CapsuleShape3D_oaoc5")

[node name="Physical Bone UpperLegR" type="PhysicalBone3D" parent="Armature/Skeleton3D" index="19"]
transform = Transform3D(0.998316, 0.015999, 0.0557616, -0.0546836, -0.0613463, 0.996617, 0.0193656, -0.997988, -0.0603682, -0.131547, 0.707374, -0.142233)
collision_layer = 0
joint_type = 3
joint_offset = Transform3D(-3.61999e-06, 0, 1, 0, 1, 0, -1, 0, -3.61999e-06, -0.0210696, -0.0802666, 0.269751)
joint_rotation = Vector3(0, 1.5708, 0)
body_offset = Transform3D(0.999527, 0.00711296, 0.0299081, 0.0297165, 0.0256708, -0.999229, -0.00787532, 0.999645, 0.0254473, 0.0135628, 0.27223, 0.0732077)
mass = 4.0
bone_name = "UpperLeg.R"
joint_constraints/angular_limit_enabled = true
joint_constraints/angular_limit_upper = 40.0
joint_constraints/angular_limit_lower = -40.0
joint_constraints/angular_limit_bias = 0.3
joint_constraints/angular_limit_softness = 0.5
joint_constraints/angular_limit_relaxation = 1.0

[node name="CollisionShape3D" type="CollisionShape3D" parent="Armature/Skeleton3D/Physical Bone UpperLegR" index="0"]
transform = Transform3D(1, 0, 0, 0, 0, 1, 0, -1, 0, 0, 0, 0)
shape = SubResource("CapsuleShape3D_3qydc")

[node name="Physical Bone LowerLegR" type="PhysicalBone3D" parent="Armature/Skeleton3D" index="20"]
transform = Transform3D(0.998379, 0.0391169, 0.0413486, -0.0559989, 0.544892, 0.836634, 0.010196, -0.837593, 0.546199, -0.154828, 0.27866, -0.259776)
collision_layer = 0
joint_type = 3
joint_offset = Transform3D(-3.61999e-06, 0, 1, 0, 1, 0, -1, 0, -3.61999e-06, -0.00608264, -0.0576962, 0.275535)
joint_rotation = Vector3(0, 1.5708, 0)
body_offset = Transform3D(0.999528, 0.0165687, 0.0258861, 0.0295084, -0.281819, -0.959014, -0.0085945, 0.959324, -0.282175, -9.67979e-05, 0.248161, 0.133046)
mass = 4.0
bone_name = "LowerLeg.R"
joint_constraints/angular_limit_enabled = true
joint_constraints/angular_limit_upper = 40.0
joint_constraints/angular_limit_lower = -40.0
joint_constraints/angular_limit_bias = 0.3
joint_constraints/angular_limit_softness = 0.5
joint_constraints/angular_limit_relaxation = 1.0

[node name="CollisionShape3D" type="CollisionShape3D" parent="Armature/Skeleton3D/Physical Bone LowerLegR" index="0"]
transform = Transform3D(1, 0, 0, 0, 0, 1, 0, -1, 0, 0, 0, 0)
shape = SubResource("CapsuleShape3D_2vphi")
