[gd_scene load_steps=56 format=3 uid="uid://d3hwsol6r31w5"]

[ext_resource type="PackedScene" uid="uid://dlkla4nejari3" path="res://assets/models/ThirdPersonModel.blend" id="1_l0xja"]
[ext_resource type="Script" path="res://scenes/player/PlayerModel.gd" id="2_yof0n"]
[ext_resource type="Script" path="res://scenes/player/NetworkHitScan.gd" id="3_wc1wf"]

[sub_resource type="AnimationNodeAnimation" id="AnimationNodeAnimation_ofl68"]
animation = &"LookDown"

[sub_resource type="AnimationNodeAnimation" id="AnimationNodeAnimation_hnhc1"]
animation = &"Sprint"

[sub_resource type="AnimationNodeAnimation" id="AnimationNodeAnimation_te0yl"]
animation = &"Flinch"

[sub_resource type="AnimationNodeAnimation" id="AnimationNodeAnimation_l7m2l"]
animation = &"Equip"

[sub_resource type="AnimationNodeAnimation" id="AnimationNodeAnimation_kulyc"]
animation = &"LookUp"

[sub_resource type="AnimationNodeTransition" id="AnimationNodeTransition_k5wf6"]
xfade_time = 0.2
input_0/name = "equip"
input_0/auto_advance = false
input_0/break_loop_at_end = false
input_0/reset = true
input_1/name = "pistol"
input_1/auto_advance = false
input_1/break_loop_at_end = false
input_1/reset = true
input_2/name = "melee_1h"
input_2/auto_advance = false
input_2/break_loop_at_end = false
input_2/reset = true

[sub_resource type="AnimationNodeBlend2" id="AnimationNodeBlend2_neoc0"]
filter_enabled = true
filters = ["Armature/Skeleton3D:LowerArm.L", "Armature/Skeleton3D:LowerArm.R", "Armature/Skeleton3D:LowerHand.L", "Armature/Skeleton3D:LowerHand.R", "Armature/Skeleton3D:UpperArm.L", "Armature/Skeleton3D:UpperArm.R", "Armature/Skeleton3D:UpperHand.L", "Armature/Skeleton3D:UpperHand.R"]

[sub_resource type="AnimationNodeAnimation" id="AnimationNodeAnimation_hbmdt"]
animation = &"Crouch"

[sub_resource type="AnimationNodeAnimation" id="AnimationNodeAnimation_ceops"]
animation = &"CrouchBackward"

[sub_resource type="AnimationNodeAnimation" id="AnimationNodeAnimation_syxoy"]
animation = &"CrouchBackward"

[sub_resource type="AnimationNodeAnimation" id="AnimationNodeAnimation_ji5an"]
animation = &"CrouchRight"

[sub_resource type="AnimationNodeAnimation" id="AnimationNodeAnimation_sd2px"]
animation = &"CrouchLeft"

[sub_resource type="AnimationNodeBlendSpace2D" id="AnimationNodeBlendSpace2D_32qct"]
blend_point_0/node = SubResource("AnimationNodeAnimation_hbmdt")
blend_point_0/pos = Vector2(0, 0)
blend_point_1/node = SubResource("AnimationNodeAnimation_ceops")
blend_point_1/pos = Vector2(0, 1)
blend_point_2/node = SubResource("AnimationNodeAnimation_syxoy")
blend_point_2/pos = Vector2(0, -1)
blend_point_3/node = SubResource("AnimationNodeAnimation_ji5an")
blend_point_3/pos = Vector2(1, 0)
blend_point_4/node = SubResource("AnimationNodeAnimation_sd2px")
blend_point_4/pos = Vector2(-1, 0)

[sub_resource type="AnimationNodeOneShot" id="AnimationNodeOneShot_74kw8"]

[sub_resource type="AnimationNodeAdd3" id="AnimationNodeAdd3_5xkqa"]
filter_enabled = true
filters = ["Armature/Skeleton3D:Chest", "Armature/Skeleton3D:Head"]

[sub_resource type="AnimationNodeAnimation" id="AnimationNodeAnimation_12cdx"]
animation = &"MeleeReady1H"

[sub_resource type="AnimationNodeAnimation" id="AnimationNodeAnimation_w8363"]
animation = &"MeleeSwing1H"

[sub_resource type="AnimationNodeAnimation" id="AnimationNodeAnimation_ticpk"]
animation = &"MeleeIdle1H"

[sub_resource type="AnimationNodeAnimation" id="AnimationNodeAnimation_18c3y"]
animation = &"MeleeIdle1H"

[sub_resource type="AnimationNodeBlendSpace1D" id="AnimationNodeBlendSpace1D_ieem8"]
blend_point_0/node = SubResource("AnimationNodeAnimation_12cdx")
blend_point_0/pos = 1.0
blend_point_1/node = SubResource("AnimationNodeAnimation_w8363")
blend_point_1/pos = 2.0
blend_point_2/node = SubResource("AnimationNodeAnimation_ticpk")
blend_point_2/pos = 0.0
blend_point_3/node = SubResource("AnimationNodeAnimation_18c3y")
blend_point_3/pos = 3.0
min_space = 0.0
max_space = 3.0

[sub_resource type="AnimationNodeAnimation" id="AnimationNodeAnimation_cpgjn"]
animation = &"MoveForward1"

[sub_resource type="AnimationNodeAnimation" id="AnimationNodeAnimation_duosb"]
animation = &"MoveBackward1"

[sub_resource type="AnimationNodeAnimation" id="AnimationNodeAnimation_a0kms"]
animation = &"MoveBackward3"

[sub_resource type="AnimationNodeAnimation" id="AnimationNodeAnimation_mv383"]
animation = &"MoveRight3"

[sub_resource type="AnimationNodeAnimation" id="AnimationNodeAnimation_2scqe"]
animation = &"MoveLeft3"

[sub_resource type="AnimationNodeAnimation" id="AnimationNodeAnimation_251t1"]
animation = &"MoveRight1"

[sub_resource type="AnimationNodeAnimation" id="AnimationNodeAnimation_be5m7"]
animation = &"MoveLeft1"

[sub_resource type="AnimationNodeAnimation" id="AnimationNodeAnimation_0y8n2"]
animation = &"Stand"

[sub_resource type="AnimationNodeAnimation" id="AnimationNodeAnimation_wp7e6"]
animation = &"MoveForward2"

[sub_resource type="AnimationNodeAnimation" id="AnimationNodeAnimation_h4rup"]
animation = &"MoveBackward2"

[sub_resource type="AnimationNodeAnimation" id="AnimationNodeAnimation_gkm4i"]
animation = &"MoveLeft2"

[sub_resource type="AnimationNodeAnimation" id="AnimationNodeAnimation_cpd8j"]
animation = &"MoveRight2"

[sub_resource type="AnimationNodeAnimation" id="AnimationNodeAnimation_uax1u"]
animation = &"MoveForward3"

[sub_resource type="AnimationNodeBlendSpace2D" id="AnimationNodeBlendSpace2D_fa6tf"]
blend_point_0/node = SubResource("AnimationNodeAnimation_cpgjn")
blend_point_0/pos = Vector2(0, 1)
blend_point_1/node = SubResource("AnimationNodeAnimation_duosb")
blend_point_1/pos = Vector2(0, -1)
blend_point_2/node = SubResource("AnimationNodeAnimation_251t1")
blend_point_2/pos = Vector2(1, 0)
blend_point_3/node = SubResource("AnimationNodeAnimation_be5m7")
blend_point_3/pos = Vector2(-1, 0)
blend_point_4/node = SubResource("AnimationNodeAnimation_0y8n2")
blend_point_4/pos = Vector2(0, 0)
blend_point_5/node = SubResource("AnimationNodeAnimation_wp7e6")
blend_point_5/pos = Vector2(0, 2)
blend_point_6/node = SubResource("AnimationNodeAnimation_h4rup")
blend_point_6/pos = Vector2(0, -2)
blend_point_7/node = SubResource("AnimationNodeAnimation_gkm4i")
blend_point_7/pos = Vector2(-2, 0)
blend_point_8/node = SubResource("AnimationNodeAnimation_cpd8j")
blend_point_8/pos = Vector2(2, 0)
blend_point_9/node = SubResource("AnimationNodeAnimation_uax1u")
blend_point_9/pos = Vector2(0, 3)
blend_point_10/node = SubResource("AnimationNodeAnimation_a0kms")
blend_point_10/pos = Vector2(0, -3)
blend_point_11/node = SubResource("AnimationNodeAnimation_mv383")
blend_point_11/pos = Vector2(3, 0)
blend_point_12/node = SubResource("AnimationNodeAnimation_2scqe")
blend_point_12/pos = Vector2(-3, 0)
min_space = Vector2(-3, -3)
max_space = Vector2(3, 3)
sync = true

[sub_resource type="AnimationNodeTimeScale" id="AnimationNodeTimeScale_5h7qr"]

[sub_resource type="AnimationNodeAnimation" id="AnimationNodeAnimation_kc08a"]
animation = &"PistolIdle"

[sub_resource type="AnimationNodeAnimation" id="AnimationNodeAnimation_5knsg"]
animation = &"PistolAim"

[sub_resource type="AnimationNodeAnimation" id="AnimationNodeAnimation_usxop"]
animation = &"PistolRecoil"

[sub_resource type="AnimationNodeBlendSpace1D" id="AnimationNodeBlendSpace1D_0vgvq"]
blend_point_0/node = SubResource("AnimationNodeAnimation_kc08a")
blend_point_0/pos = 0.0
blend_point_1/node = SubResource("AnimationNodeAnimation_5knsg")
blend_point_1/pos = 1.0
blend_point_2/node = SubResource("AnimationNodeAnimation_usxop")
blend_point_2/pos = 2.0
min_space = 0.0
max_space = 2.0

[sub_resource type="AnimationNodeTransition" id="AnimationNodeTransition_85qd8"]
xfade_time = 0.1
input_0/name = "stand"
input_0/auto_advance = false
input_0/break_loop_at_end = false
input_0/reset = true
input_1/name = "crouch"
input_1/auto_advance = false
input_1/break_loop_at_end = false
input_1/reset = true
input_2/name = "sprint"
input_2/auto_advance = false
input_2/break_loop_at_end = false
input_2/reset = true

[sub_resource type="AnimationNodeBlendTree" id="AnimationNodeBlendTree_7m1lo"]
graph_offset = Vector2(14.6631, 136.832)
nodes/Animation/node = SubResource("AnimationNodeAnimation_kulyc")
nodes/Animation/position = Vector2(120, 186.667)
"nodes/Animation 2/node" = SubResource("AnimationNodeAnimation_ofl68")
"nodes/Animation 2/position" = Vector2(133.333, -120)
"nodes/Animation 3/node" = SubResource("AnimationNodeAnimation_hnhc1")
"nodes/Animation 3/position" = Vector2(-320, 306.667)
"nodes/Animation 5/node" = SubResource("AnimationNodeAnimation_te0yl")
"nodes/Animation 5/position" = Vector2(666.667, 306.667)
"nodes/Animation 7/node" = SubResource("AnimationNodeAnimation_l7m2l")
"nodes/Animation 7/position" = Vector2(293.333, 266.667)
nodes/arm_action/node = SubResource("AnimationNodeTransition_k5wf6")
nodes/arm_action/position = Vector2(480, 226.667)
nodes/arms/node = SubResource("AnimationNodeBlend2_neoc0")
nodes/arms/position = Vector2(653.333, 26.6667)
nodes/crouch/node = SubResource("AnimationNodeBlendSpace2D_32qct")
nodes/crouch/position = Vector2(-346.667, 106.667)
nodes/hurt/node = SubResource("AnimationNodeOneShot_74kw8")
nodes/hurt/position = Vector2(893.333, 106.667)
nodes/look_y/node = SubResource("AnimationNodeAdd3_5xkqa")
nodes/look_y/position = Vector2(320, -13.3333)
nodes/melee_1h_action/node = SubResource("AnimationNodeBlendSpace1D_ieem8")
nodes/melee_1h_action/position = Vector2(266.667, 573.333)
nodes/move/node = SubResource("AnimationNodeBlendSpace2D_fa6tf")
nodes/move/position = Vector2(-346.667, -120)
nodes/move_speed/node = SubResource("AnimationNodeTimeScale_5h7qr")
nodes/move_speed/position = Vector2(120, 26.6667)
nodes/output/position = Vector2(1093.33, 133.333)
nodes/pistol_action/node = SubResource("AnimationNodeBlendSpace1D_0vgvq")
nodes/pistol_action/position = Vector2(266.667, 413.333)
nodes/stance/node = SubResource("AnimationNodeTransition_85qd8")
nodes/stance/position = Vector2(-93.3333, -66.6667)
node_connections = [&"arm_action", 0, &"Animation 7", &"arm_action", 1, &"pistol_action", &"arm_action", 2, &"melee_1h_action", &"arms", 0, &"look_y", &"arms", 1, &"arm_action", &"hurt", 0, &"arms", &"hurt", 1, &"Animation 5", &"look_y", 0, &"Animation 2", &"look_y", 1, &"move_speed", &"look_y", 2, &"Animation", &"move_speed", 0, &"stance", &"output", 0, &"hurt", &"stance", 0, &"move", &"stance", 1, &"crouch", &"stance", 2, &"Animation 3"]

[sub_resource type="BoxShape3D" id="BoxShape3D_ur7sm"]
size = Vector3(0.225217, 0.156215, 0.21866)

[sub_resource type="CapsuleShape3D" id="CapsuleShape3D_rp2k7"]
radius = 0.00956078
height = 0.0956078

[sub_resource type="BoxShape3D" id="BoxShape3D_cj50x"]
size = Vector3(0.182053, 0.169014, 0.244418)

[sub_resource type="CapsuleShape3D" id="CapsuleShape3D_bpbuw"]
radius = 0.0291985
height = 0.291985

[sub_resource type="CapsuleShape3D" id="CapsuleShape3D_tymfo"]
radius = 0.0233692
height = 0.233692

[sub_resource type="CapsuleShape3D" id="CapsuleShape3D_1l0an"]
radius = 0.0291985
height = 0.291985

[sub_resource type="CapsuleShape3D" id="CapsuleShape3D_e4r4e"]
radius = 0.0233692
height = 0.233692

[sub_resource type="CapsuleShape3D" id="CapsuleShape3D_y85b4"]
radius = 0.0504686
height = 0.504686

[sub_resource type="CapsuleShape3D" id="CapsuleShape3D_oaoc5"]
radius = 0.047316
height = 0.47316

[sub_resource type="CapsuleShape3D" id="CapsuleShape3D_3qydc"]
radius = 0.0504686
height = 0.504686

[sub_resource type="CapsuleShape3D" id="CapsuleShape3D_2vphi"]
radius = 0.047316
height = 0.47316

[node name="ThirdPersonModel" instance=ExtResource("1_l0xja")]
script = ExtResource("2_yof0n")

[node name="AnimationTree" type="AnimationTree" parent="." index="0"]
root_motion_track = NodePath("Armature/Skeleton3D:Root")
tree_root = SubResource("AnimationNodeBlendTree_7m1lo")
anim_player = NodePath("../AnimationPlayer")
parameters/arm_action/current_state = "melee_1h"
parameters/arm_action/transition_request = ""
parameters/arm_action/current_index = 2
parameters/arms/blend_amount = 1.0
parameters/crouch/blend_position = Vector2(0, 0)
parameters/hurt/active = false
parameters/hurt/internal_active = false
parameters/hurt/request = 0
parameters/look_y/add_amount = 0.0
parameters/melee_1h_action/blend_position = -0.286579
parameters/move/blend_position = Vector2(0, 0.0167599)
parameters/move_speed/scale = 1.5
parameters/pistol_action/blend_position = 0.998985
parameters/stance/current_state = "stand"
parameters/stance/transition_request = ""
parameters/stance/current_index = 0

[node name="RootMotionView" type="RootMotionView" parent="AnimationTree" index="0"]
animation_path = NodePath("..")

[node name="SpringArm3D" type="SpringArm3D" parent="." index="1"]
transform = Transform3D(1, 0, 0, 0, 0.866025, 0.5, 0, -0.5, 0.866025, 0, 1, 0)
spring_length = 2.0

[node name="DeathCam" type="Camera3D" parent="SpringArm3D" index="0"]
transform = Transform3D(1, 0, 0, 0, 1, 0, 0, 0, 1, 0, 0, 2)

[node name="Skeleton3D" parent="Armature" index="0"]
animate_physical_bones = false
bones/1/position = Vector3(0, 0.969314, 0)
bones/1/rotation = Quaternion(0, -0.251404, 0, 0.967882)
bones/2/rotation = Quaternion(0, 0.251404, 0, 0.967882)
bones/4/rotation = Quaternion(0.0407169, 0, 0, 0.999171)
bones/4/scale = Vector3(1, 1, 1)
bones/5/rotation = Quaternion(-0.0311421, 0, 0, 0.999515)
bones/9/position = Vector3(0.206389, 0.198011, 0.00379466)
bones/9/rotation = Quaternion(0.985329, 0.121201, 0.115932, 0.0315861)
bones/9/scale = Vector3(1, 1, 1)
bones/10/rotation = Quaternion(-0.689469, -0.00504596, -0.0655239, 0.721328)
bones/10/scale = Vector3(1, 1, 1)
bones/11/rotation = Quaternion(0.279391, 0.282353, 0.0162358, 0.917581)
bones/11/scale = Vector3(1, 1, 1)
bones/12/rotation = Quaternion(-0.0570474, -0.130592, 0.118748, 0.982644)
bones/13/scale = Vector3(1, 1, 1)
bones/15/position = Vector3(0.372706, -0.0336721, -0.43065)
bones/15/scale = Vector3(1, 1, 1)
bones/16/position = Vector3(0.243724, -0.0753308, 0.261936)
bones/16/rotation = Quaternion(0.779846, 0.300217, 0.330848, 0.438462)
bones/16/scale = Vector3(1, 1, 1)
bones/18/position = Vector3(-0.206389, 0.198011, 0.00379466)
bones/18/rotation = Quaternion(0.971992, -0.182731, -0.0957596, 0.112565)
bones/18/scale = Vector3(1, 1, 1)
bones/19/rotation = Quaternion(-0.175753, 0.00688535, 0.0167028, 0.984268)
bones/19/scale = Vector3(1, 1, 1)
bones/20/rotation = Quaternion(-0.11621, -0.0886657, 0.136618, 0.97978)
bones/20/scale = Vector3(1, 1, 1)
bones/21/rotation = Quaternion(-0.311206, -0.165064, -0.643572, 0.6795)
bones/22/scale = Vector3(1, 1, 1)
bones/24/position = Vector3(-0.372706, -0.0336721, -0.43065)
bones/24/scale = Vector3(1, 1, 1)
bones/25/position = Vector3(-0.366109, -0.243132, 0.212079)
bones/25/rotation = Quaternion(0.84774, -0.314085, -0.180151, 0.387598)
bones/25/scale = Vector3(1, 1, 1)
bones/26/rotation = Quaternion(0.957182, 0.0449661, -0.254269, 0.130872)
bones/27/rotation = Quaternion(0.160486, 7.06415e-09, -7.26817e-10, 0.987038)
bones/28/rotation = Quaternion(-0.655888, -0.000997045, 0.0122718, 0.754758)
bones/29/rotation = Quaternion(0.968834, -0.00930456, -0.246718, 0.0201155)
bones/30/rotation = Quaternion(0.161822, 6.80201e-09, -5.35565e-10, 0.98682)
bones/31/rotation = Quaternion(-0.744067, 0.00180939, -0.0126108, 0.667983)
bones/34/position = Vector3(0.159639, 0.0255261, 0.194385)
bones/34/rotation = Quaternion(0.769187, 1.99497e-19, 1.65945e-19, 0.639024)
bones/34/scale = Vector3(1, 1, 1)
bones/35/position = Vector3(-0.159639, 0.0259618, -0.194385)
bones/35/rotation = Quaternion(0.768409, -1.9846e-19, -1.65082e-19, 0.63996)
bones/35/scale = Vector3(1, 1, 1)

[node name="Camera_2" parent="Armature/Skeleton3D" index="0"]
transform = Transform3D(-1, -6.2315e-15, 1.50996e-07, 7.31254e-15, 1, 8.96981e-08, -1.50996e-07, 9.34234e-08, -1, 0, 1.70981, 0.16)

[node name="NetworkHitScan" type="Node3D" parent="Armature/Skeleton3D/Camera_2/Camera_2" index="0"]
script = ExtResource("3_wc1wf")

[node name="InteractRay" type="RayCast3D" parent="Armature/Skeleton3D/Camera_2" index="1"]
enabled = false
target_position = Vector3(0, 0, -2)
collision_mask = 9
collide_with_areas = true

[node name="RightHand" type="BoneAttachment3D" parent="Armature/Skeleton3D" index="6"]
transform = Transform3D(0.983144, 0.054846, 0.174414, 0.0509189, 0.83407, -0.549304, -0.1756, 0.548925, 0.817218, -0.360031, 1.00635, 0.281633)
bone_name = "HandHold.R"
bone_idx = 23

[node name="LeftHand" type="BoneAttachment3D" parent="Armature/Skeleton3D" index="7"]
transform = Transform3D(0.875216, -0.322606, -0.360447, 0.0788567, 0.830322, -0.551677, 0.477261, 0.454413, 0.752151, 0.222345, 1.17588, 0.325508)
bone_name = "HandHold.L"
bone_idx = 14

[node name="Physical Bone Hips" type="PhysicalBone3D" parent="Armature/Skeleton3D" index="8"]
transform = Transform3D(-0.997483, -0.0709061, 0, 0, 0, -1, 0.0709061, -0.997483, 0, 0, 0.965363, 0)
collision_layer = 0
joint_type = 3
joint_offset = Transform3D(-3.61999e-06, 0, 1, 0, 1, 0, -1, 0, -3.61999e-06, 0, 0, -0.00395119)
joint_rotation = Vector3(0, 1.5708, 0)
body_offset = Transform3D(-0.836886, -0.547377, 0, 0, 0, -1, 0.547377, -0.836886, 0, 0, -0.00395119, 0)
mass = 4.0
bone_name = "Hips"
joint_constraints/angular_limit_enabled = true
joint_constraints/angular_limit_upper = 40.0
joint_constraints/angular_limit_lower = -40.0
joint_constraints/angular_limit_bias = 0.3
joint_constraints/angular_limit_softness = 0.5
joint_constraints/angular_limit_relaxation = 1.0

[node name="CollisionShape3D" type="CollisionShape3D" parent="Armature/Skeleton3D/Physical Bone Hips" index="0"]
transform = Transform3D(1, 0, 0, 0, 0, 1, 0, -1, 0, 0, 0, 0)
shape = SubResource("BoxShape3D_ur7sm")

[node name="Physical Bone Torso" type="PhysicalBone3D" parent="Armature/Skeleton3D" index="9"]
transform = Transform3D(1, 6.75509e-09, 0, 0, 0, -1, -6.75509e-09, 1, 0, 0, 1.12703, 0)
collision_layer = 0
joint_type = 3
joint_offset = Transform3D(-3.61999e-06, 0, 1, 0, 1, 0, -1, 0, -3.61999e-06, 0, 0, -0.0422833)
joint_rotation = Vector3(0, 1.5708, 0)
body_offset = Transform3D(1, 6.75509e-09, 0, 0, 0, -1, -6.75509e-09, 1, 0, 0, -0.0422833, 0)
mass = 4.0
bone_name = "Torso"
joint_constraints/angular_limit_enabled = true
joint_constraints/angular_limit_upper = 40.0
joint_constraints/angular_limit_lower = -40.0
joint_constraints/angular_limit_bias = 0.3
joint_constraints/angular_limit_softness = 0.5
joint_constraints/angular_limit_relaxation = 1.0

[node name="CollisionShape3D" type="CollisionShape3D" parent="Armature/Skeleton3D/Physical Bone Torso" index="0"]
transform = Transform3D(1, 0, 0.000274688, -0.000274688, 0, 1, 0, -1, 0, 0, 0, -0.0435207)
shape = SubResource("BoxShape3D_ur7sm")

[node name="Physical Bone Chest" type="PhysicalBone3D" parent="Armature/Skeleton3D" index="10"]
transform = Transform3D(1, -5.35747e-09, -2.00208e-10, -9.7488e-11, 0.0191663, -0.999816, 5.36032e-09, 0.999816, 0.0191663, 0, 1.34428, -0.00297248)
collision_layer = 0
joint_type = 3
joint_offset = Transform3D(-3.61999e-06, 0, 1, 0, 1, 0, -1, 0, -3.61999e-06, 2.08907e-11, 0.00199733, 0.0508977)
joint_rotation = Vector3(0, 1.5708, 0)
body_offset = Transform3D(1, -5.35747e-09, -2.00208e-10, -2.00178e-10, 5.57676e-06, -1, 5.35747e-09, 1, 5.57676e-06, 0, 0.0508977, -0.00199761)
mass = 4.0
bone_name = "Chest"
joint_constraints/angular_limit_enabled = true
joint_constraints/angular_limit_upper = 40.0
joint_constraints/angular_limit_lower = -40.0
joint_constraints/angular_limit_bias = 0.3
joint_constraints/angular_limit_softness = 0.5
joint_constraints/angular_limit_relaxation = 1.0

[node name="CollisionShape3D" type="CollisionShape3D" parent="Armature/Skeleton3D/Physical Bone Chest" index="0"]
transform = Transform3D(1, -9.99455e-08, 5.21502e-06, -5.21386e-06, 3.1665e-08, 1, -9.99233e-08, -1, 7.45058e-09, -1.54909e-08, 0.00107254, -0.055963)
shape = SubResource("BoxShape3D_ur7sm")

[node name="Physical Bone Neck" type="PhysicalBone3D" parent="Armature/Skeleton3D" index="11"]
transform = Transform3D(1, -5.26199e-08, 3.34695e-09, 6.46554e-11, -0.0622541, -0.99806, 5.27262e-08, 0.99806, -0.0622541, 0, 1.54736, -0.00297599)
collision_layer = 0
joint_type = 3
joint_offset = Transform3D(-3.61999e-06, 0, 1, 0, 1, 0, -1, 0, -3.61999e-06, -1.5325e-10, -0.00649647, -0.056348)
joint_rotation = Vector3(0, 1.5708, 0)
body_offset = Transform3D(1, -5.26199e-08, 3.34695e-09, 3.34695e-09, -5.58794e-08, -1, 5.26199e-08, 1, -4.47035e-08, 0, -0.056348, 0.00649647)
mass = 4.0
bone_name = "Neck"
joint_constraints/angular_limit_enabled = true
joint_constraints/angular_limit_upper = 40.0
joint_constraints/angular_limit_lower = -40.0
joint_constraints/angular_limit_bias = 0.3
joint_constraints/angular_limit_softness = 0.5
joint_constraints/angular_limit_relaxation = 1.0

[node name="CollisionShape3D" type="CollisionShape3D" parent="Armature/Skeleton3D/Physical Bone Neck" index="0"]
transform = Transform3D(1, 0, 0, 0, 0, 1, 0, -1, 0, 0, 0, 0)
shape = SubResource("CapsuleShape3D_rp2k7")

[node name="Physical Bone Head" type="PhysicalBone3D" parent="Armature/Skeleton3D" index="12"]
transform = Transform3D(-1, 2.42521e-06, 3.7411e-05, 1.07523e-11, 0.997905, -0.0646902, -3.74895e-05, -0.0646902, -0.997905, 4.76837e-07, 1.72335, -0.0203343)
collision_layer = 0
joint_type = 3
joint_offset = Transform3D(-3.61999e-06, 0, 1, 0, 1, 0, -1, 0, -3.61999e-06, -2.85487e-07, -0.0251902, -0.018744)
joint_rotation = Vector3(0, 1.5708, 0)
body_offset = Transform3D(-1, 2.42521e-06, 3.7411e-05, 7.81945e-12, 0.997906, -0.0646903, -3.74895e-05, -0.0646903, -0.997905, 4.76837e-07, 0.0239249, -0.0203343)
mass = 4.0
bone_name = "Head"
joint_constraints/angular_limit_enabled = true
joint_constraints/angular_limit_upper = 40.0
joint_constraints/angular_limit_lower = -40.0
joint_constraints/angular_limit_bias = 0.3
joint_constraints/angular_limit_softness = 0.5
joint_constraints/angular_limit_relaxation = 1.0

[node name="CollisionShape3D" type="CollisionShape3D" parent="Armature/Skeleton3D/Physical Bone Head" index="0"]
transform = Transform3D(1, -1.09139e-11, 8.18545e-12, -7.95808e-12, 1.86265e-07, 1, -1.16415e-10, -0.999997, 0, -5.80593e-07, -0.00100958, -0.0154744)
shape = SubResource("BoxShape3D_cj50x")

[node name="Physical Bone UpperArmL" type="PhysicalBone3D" parent="Armature/Skeleton3D" index="13"]
transform = Transform3D(0.270197, -0.937288, 0.220193, 0.546557, 0.337596, 0.766358, -0.792634, -0.0867197, 0.603499, 0.119342, 1.34979, -0.098859)
collision_layer = 0
joint_type = 3
joint_offset = Transform3D(-3.61999e-06, 0, 1, 0, 1, 0, -1, 0, -3.61999e-06, 0.0226028, -0.0423272, 0.187414)
joint_rotation = Vector3(0, 1.5708, 0)
body_offset = Transform3D(0.220582, -0.818773, 0.530051, -0.55212, -0.552805, -0.624155, 0.804057, -0.154974, -0.574, -0.138981, 0.106056, 0.0828419)
mass = 4.0
bone_name = "UpperArm.L"
joint_constraints/angular_limit_enabled = true
joint_constraints/angular_limit_upper = 40.0
joint_constraints/angular_limit_lower = -40.0
joint_constraints/angular_limit_bias = 0.3
joint_constraints/angular_limit_softness = 0.5
joint_constraints/angular_limit_relaxation = 1.0

[node name="CollisionShape3D" type="CollisionShape3D" parent="Armature/Skeleton3D/Physical Bone UpperArmL" index="0"]
transform = Transform3D(1, 0, 0, 0, 0, 1, 0, -1, 0, 0, 0, 0)
shape = SubResource("CapsuleShape3D_bpbuw")

[node name="Physical Bone LowerArmL" type="PhysicalBone3D" parent="Armature/Skeleton3D" index="14"]
transform = Transform3D(0.591452, 0.304246, -0.746739, 0.547678, 0.528113, 0.648957, 0.591805, -0.7928, 0.145725, 0.169829, 1.21221, -0.252996)
collision_layer = 0
joint_type = 3
joint_offset = Transform3D(-3.61999e-06, 0, 1, 0, 1, 0, -1, 0, -3.61999e-06, 0.228508, -0.195672, -0.038222)
joint_rotation = Vector3(0, 1.5708, 0)
body_offset = Transform3D(0.79952, 0.371416, -0.472035, 0.530872, -0.804594, 0.266089, -0.280967, -0.463334, -0.840464, -0.128063, -0.268574, -0.0585824)
mass = 4.0
bone_name = "LowerArm.L"
joint_constraints/angular_limit_enabled = true
joint_constraints/angular_limit_upper = 40.0
joint_constraints/angular_limit_lower = -40.0
joint_constraints/angular_limit_bias = 0.3
joint_constraints/angular_limit_softness = 0.5
joint_constraints/angular_limit_relaxation = 1.0

[node name="CollisionShape3D" type="CollisionShape3D" parent="Armature/Skeleton3D/Physical Bone LowerArmL" index="0"]
transform = Transform3D(1, 0, 0, 0, 0, 1, 0, -1, 0, 0, 0, 0)
shape = SubResource("CapsuleShape3D_tymfo")

[node name="Physical Bone UpperArmR" type="PhysicalBone3D" parent="Armature/Skeleton3D" index="15"]
transform = Transform3D(0.232958, 0.495865, 0.83657, -0.788732, 0.599562, -0.135745, -0.568887, -0.628207, 0.530777, -0.331845, 1.53174, -0.0817413)
collision_layer = 0
joint_type = 3
joint_offset = Transform3D(-3.61999e-06, 0, 1, 0, 1, 0, -1, 0, -3.61999e-06, 0.0144791, -0.0132797, 0.153804)
joint_rotation = Vector3(0, 1.5708, 0)
body_offset = Transform3D(0.590823, 0.312675, 0.743749, 0.480109, -0.877118, -0.0126484, 0.6484, 0.364554, -0.66834, -0.118794, -0.016654, 0.0982463)
mass = 4.0
bone_name = "UpperArm.R"
joint_constraints/angular_limit_enabled = true
joint_constraints/angular_limit_upper = 40.0
joint_constraints/angular_limit_lower = -40.0
joint_constraints/angular_limit_bias = 0.3
joint_constraints/angular_limit_softness = 0.5
joint_constraints/angular_limit_relaxation = 1.0

[node name="CollisionShape3D" type="CollisionShape3D" parent="Armature/Skeleton3D/Physical Bone UpperArmR" index="0"]
transform = Transform3D(1, 0, 0, 0, 0, 1, 0, -1, 0, 0, 0, 0)
shape = SubResource("CapsuleShape3D_1l0an")

[node name="Physical Bone LowerArmR" type="PhysicalBone3D" parent="Armature/Skeleton3D" index="16"]
transform = Transform3D(0.748072, 0.48509, 0.452854, 0.363504, 0.271392, -0.891185, -0.555206, 0.831285, 0.0266889, -0.0819693, 1.61744, 0.0586634)
collision_layer = 0
joint_type = 3
joint_offset = Transform3D(-3.61999e-06, 0, 1, 0, 1, 0, -1, 0, -3.61999e-06, -0.31896, -0.196291, 0.247272)
joint_rotation = Vector3(0, 1.5708, 0)
body_offset = Transform3D(0.594803, 0.239195, 0.76746, -0.803614, 0.152742, 0.575217, 0.0203654, -0.958883, 0.283072, 0.0468983, -0.368574, -0.25172)
mass = 4.0
bone_name = "LowerArm.R"
joint_constraints/angular_limit_enabled = true
joint_constraints/angular_limit_upper = 40.0
joint_constraints/angular_limit_lower = -40.0
joint_constraints/angular_limit_bias = 0.3
joint_constraints/angular_limit_softness = 0.5
joint_constraints/angular_limit_relaxation = 1.0

[node name="CollisionShape3D" type="CollisionShape3D" parent="Armature/Skeleton3D/Physical Bone LowerArmR" index="0"]
transform = Transform3D(1, 0, 0, 0, 0, 1, 0, -1, 0, 0, 0, 0)
shape = SubResource("CapsuleShape3D_e4r4e")

[node name="Physical Bone UpperLegL" type="PhysicalBone3D" parent="Armature/Skeleton3D" index="17"]
transform = Transform3D(0.992506, 0.0329005, -0.117687, 0.0274741, -0.998496, -0.047438, -0.119071, 0.0438491, -0.991917, 0.0742422, 1.18579, 0.655897)
collision_layer = 0
joint_type = 3
joint_offset = Transform3D(-3.61999e-06, 0, 1, 0, 1, 0, -1, 0, -3.61999e-06, 0.128002, 0.179339, 0.575481)
joint_rotation = Vector3(0, 1.5708, 0)
body_offset = Transform3D(0.994396, 0.0127894, -0.104939, -0.0365744, 0.972975, -0.227995, 0.0991874, 0.230556, 0.967991, -0.0691884, -0.038604, -0.611104)
mass = 4.0
bone_name = "UpperLeg.L"
joint_constraints/angular_limit_enabled = true
joint_constraints/angular_limit_upper = 40.0
joint_constraints/angular_limit_lower = -40.0
joint_constraints/angular_limit_bias = 0.3
joint_constraints/angular_limit_softness = 0.5
joint_constraints/angular_limit_relaxation = 1.0

[node name="CollisionShape3D" type="CollisionShape3D" parent="Armature/Skeleton3D/Physical Bone UpperLegL" index="0"]
transform = Transform3D(1, 0, 0, 0, 0, 1, 0, -1, 0, 0, 0, 0)
shape = SubResource("CapsuleShape3D_y85b4")

[node name="Physical Bone LowerLegL" type="PhysicalBone3D" parent="Armature/Skeleton3D" index="18"]
transform = Transform3D(0.990316, -0.100319, -0.0959678, 0.116027, 0.218487, 0.968917, -0.0762326, -0.97067, 0.228011, 0.174824, 0.148543, 1.21095)
collision_layer = 0
joint_type = 3
joint_offset = Transform3D(-3.61999e-06, 0, 1, 0, 1, 0, -1, 0, -3.61999e-06, 0.092624, 1.04487, 0.113528)
joint_rotation = Vector3(0, 1.5708, 0)
body_offset = Transform3D(0.993348, -0.0826752, -0.0801547, -0.0937073, -0.175823, -0.979952, 0.0669247, 0.980944, -0.182401, 0.00347681, 0.303644, -1.01045)
mass = 4.0
bone_name = "LowerLeg.L"
joint_constraints/angular_limit_enabled = true
joint_constraints/angular_limit_upper = 40.0
joint_constraints/angular_limit_lower = -40.0
joint_constraints/angular_limit_bias = 0.3
joint_constraints/angular_limit_softness = 0.5
joint_constraints/angular_limit_relaxation = 1.0

[node name="CollisionShape3D" type="CollisionShape3D" parent="Armature/Skeleton3D/Physical Bone LowerLegL" index="0"]
transform = Transform3D(1, 0, 0, 0, 0, 1, 0, -1, 0, 0, 0, 0)
shape = SubResource("CapsuleShape3D_oaoc5")

[node name="Physical Bone UpperLegR" type="PhysicalBone3D" parent="Armature/Skeleton3D" index="19"]
transform = Transform3D(0.98494, 0.0473202, 0.166292, -0.156395, -0.166196, 0.973612, 0.0737086, -0.984957, -0.156292, -0.0773336, 0.596371, -0.417101)
collision_layer = 0
joint_type = 3
joint_offset = Transform3D(-3.61999e-06, 0, 1, 0, 1, 0, -1, 0, -3.61999e-06, -0.0966299, -0.40149, 0.312988)
joint_rotation = Vector3(0, 1.5708, 0)
body_offset = Transform3D(0.989617, 0.0420672, 0.137434, 0.1309, 0.13109, -0.98269, -0.0593553, 0.990478, 0.124222, 0.069501, 0.37285, 0.353052)
mass = 4.0
bone_name = "UpperLeg.R"
joint_constraints/angular_limit_enabled = true
joint_constraints/angular_limit_upper = 40.0
joint_constraints/angular_limit_lower = -40.0
joint_constraints/angular_limit_bias = 0.3
joint_constraints/angular_limit_softness = 0.5
joint_constraints/angular_limit_relaxation = 1.0

[node name="CollisionShape3D" type="CollisionShape3D" parent="Armature/Skeleton3D/Physical Bone UpperLegR" index="0"]
transform = Transform3D(1, 0, 0, 0, 0, 1, 0, -1, 0, 0, 0, 0)
shape = SubResource("CapsuleShape3D_3qydc")

[node name="Physical Bone LowerLegR" type="PhysicalBone3D" parent="Armature/Skeleton3D" index="20"]
transform = Transform3D(0.988116, 0.15136, 0.0267587, -0.146757, 0.980788, -0.128516, -0.0456968, 0.123061, 0.991346, -0.106951, 0.666551, -0.567148)
collision_layer = 0
joint_type = 3
joint_offset = Transform3D(-3.61999e-06, 0, 1, 0, 1, 0, -1, 0, -3.61999e-06, -0.0418185, -0.128924, 0.525176)
joint_rotation = Vector3(0, 1.5708, 0)
body_offset = Transform3D(0.991325, 0.12511, 0.0402818, 0.130033, -0.978198, -0.161927, 0.0191449, 0.16576, -0.98598, 0.0364304, -0.0356357, 0.539984)
mass = 4.0
bone_name = "LowerLeg.R"
joint_constraints/angular_limit_enabled = true
joint_constraints/angular_limit_upper = 40.0
joint_constraints/angular_limit_lower = -40.0
joint_constraints/angular_limit_bias = 0.3
joint_constraints/angular_limit_softness = 0.5
joint_constraints/angular_limit_relaxation = 1.0

[node name="CollisionShape3D" type="CollisionShape3D" parent="Armature/Skeleton3D/Physical Bone LowerLegR" index="0"]
transform = Transform3D(1, 0, 0, 0, 0, 1, 0, -1, 0, 0, 0, 0)
shape = SubResource("CapsuleShape3D_2vphi")
