[gd_scene load_steps=47 format=3 uid="uid://d3hwsol6r31w5"]

[ext_resource type="PackedScene" uid="uid://dlkla4nejari3" path="res://assets/models/ThirdPersonModel.blend" id="1_l0xja"]
[ext_resource type="Script" path="res://scenes/player/PlayerModel.gd" id="2_yof0n"]
[ext_resource type="PackedScene" uid="uid://ctrlrbh6bcmy0" path="res://scenes/weapons/Pistol.tscn" id="3_bdtxy"]

[sub_resource type="AnimationNodeAnimation" id="AnimationNodeAnimation_ofl68"]
animation = &"LookDown"

[sub_resource type="AnimationNodeAnimation" id="AnimationNodeAnimation_te0yl"]
animation = &"Flinch"

[sub_resource type="AnimationNodeAnimation" id="AnimationNodeAnimation_l7m2l"]
animation = &"Equip"

[sub_resource type="AnimationNodeAnimation" id="AnimationNodeAnimation_kulyc"]
animation = &"LookUp"

[sub_resource type="AnimationNodeBlend2" id="AnimationNodeBlend2_lli4p"]
filter_enabled = true
filters = ["Armature/Skeleton3D:LowerArm.L", "Armature/Skeleton3D:LowerArm.R", "Armature/Skeleton3D:LowerHand.L", "Armature/Skeleton3D:LowerHand.R", "Armature/Skeleton3D:UpperArm.L", "Armature/Skeleton3D:UpperArm.R", "Armature/Skeleton3D:UpperHand.L", "Armature/Skeleton3D:UpperHand.R"]

[sub_resource type="AnimationNodeAnimation" id="AnimationNodeAnimation_12cdx"]
animation = &"MeleeReady1H"

[sub_resource type="AnimationNodeAnimation" id="AnimationNodeAnimation_w8363"]
animation = &"MeleeSwing1H"

[sub_resource type="AnimationNodeBlendSpace1D" id="AnimationNodeBlendSpace1D_ieem8"]
blend_point_0/node = SubResource("AnimationNodeAnimation_12cdx")
blend_point_0/pos = 0.0
blend_point_1/node = SubResource("AnimationNodeAnimation_w8363")
blend_point_1/pos = 1.0

[sub_resource type="AnimationNodeOneShot" id="AnimationNodeOneShot_6bxkp"]
filter_enabled = true

[sub_resource type="AnimationNodeBlend2" id="AnimationNodeBlend2_neoc0"]
filter_enabled = true
filters = ["Armature/Skeleton3D:LowerArm.L", "Armature/Skeleton3D:LowerArm.R", "Armature/Skeleton3D:LowerHand.L", "Armature/Skeleton3D:LowerHand.R", "Armature/Skeleton3D:UpperArm.L", "Armature/Skeleton3D:UpperArm.R", "Armature/Skeleton3D:UpperHand.L", "Armature/Skeleton3D:UpperHand.R"]

[sub_resource type="AnimationNodeOneShot" id="AnimationNodeOneShot_74kw8"]

[sub_resource type="AnimationNodeAdd3" id="AnimationNodeAdd3_5xkqa"]
filter_enabled = true
filters = ["Armature/Skeleton3D:Chest"]

[sub_resource type="AnimationNodeAnimation" id="AnimationNodeAnimation_cpgjn"]
animation = &"MoveForward1"

[sub_resource type="AnimationNodeAnimation" id="AnimationNodeAnimation_duosb"]
animation = &"MoveBackward1"

[sub_resource type="AnimationNodeAnimation" id="AnimationNodeAnimation_a0kms"]
animation = &"MoveBackward3"

[sub_resource type="AnimationNodeAnimation" id="AnimationNodeAnimation_mv383"]
animation = &"MoveRight3"

[sub_resource type="AnimationNodeAnimation" id="AnimationNodeAnimation_2scqe"]
animation = &"MoveLeft3"

[sub_resource type="AnimationNodeAnimation" id="AnimationNodeAnimation_251t1"]
animation = &"MoveRight1"

[sub_resource type="AnimationNodeAnimation" id="AnimationNodeAnimation_be5m7"]
animation = &"MoveLeft1"

[sub_resource type="AnimationNodeAnimation" id="AnimationNodeAnimation_0y8n2"]
animation = &"Stand"

[sub_resource type="AnimationNodeAnimation" id="AnimationNodeAnimation_wp7e6"]
animation = &"MoveForward2"

[sub_resource type="AnimationNodeAnimation" id="AnimationNodeAnimation_h4rup"]
animation = &"MoveBackward2"

[sub_resource type="AnimationNodeAnimation" id="AnimationNodeAnimation_gkm4i"]
animation = &"MoveLeft2"

[sub_resource type="AnimationNodeAnimation" id="AnimationNodeAnimation_cpd8j"]
animation = &"MoveRight2"

[sub_resource type="AnimationNodeAnimation" id="AnimationNodeAnimation_uax1u"]
animation = &"MoveForward3"

[sub_resource type="AnimationNodeBlendSpace2D" id="AnimationNodeBlendSpace2D_fa6tf"]
blend_point_0/node = SubResource("AnimationNodeAnimation_cpgjn")
blend_point_0/pos = Vector2(0, 1)
blend_point_1/node = SubResource("AnimationNodeAnimation_duosb")
blend_point_1/pos = Vector2(0, -1)
blend_point_2/node = SubResource("AnimationNodeAnimation_251t1")
blend_point_2/pos = Vector2(1, 0)
blend_point_3/node = SubResource("AnimationNodeAnimation_be5m7")
blend_point_3/pos = Vector2(-1, 0)
blend_point_4/node = SubResource("AnimationNodeAnimation_0y8n2")
blend_point_4/pos = Vector2(0, 0)
blend_point_5/node = SubResource("AnimationNodeAnimation_wp7e6")
blend_point_5/pos = Vector2(0, 2)
blend_point_6/node = SubResource("AnimationNodeAnimation_h4rup")
blend_point_6/pos = Vector2(0, -2)
blend_point_7/node = SubResource("AnimationNodeAnimation_gkm4i")
blend_point_7/pos = Vector2(-2, 0)
blend_point_8/node = SubResource("AnimationNodeAnimation_cpd8j")
blend_point_8/pos = Vector2(2, 0)
blend_point_9/node = SubResource("AnimationNodeAnimation_uax1u")
blend_point_9/pos = Vector2(0, 3)
blend_point_10/node = SubResource("AnimationNodeAnimation_a0kms")
blend_point_10/pos = Vector2(0, -3)
blend_point_11/node = SubResource("AnimationNodeAnimation_mv383")
blend_point_11/pos = Vector2(3, 0)
blend_point_12/node = SubResource("AnimationNodeAnimation_2scqe")
blend_point_12/pos = Vector2(-3, 0)
min_space = Vector2(-3, -3)
max_space = Vector2(3, 3)
sync = true

[sub_resource type="AnimationNodeTimeScale" id="AnimationNodeTimeScale_5h7qr"]

[sub_resource type="AnimationNodeAnimation" id="AnimationNodeAnimation_kc08a"]
animation = &"PistolIdle"

[sub_resource type="AnimationNodeAnimation" id="AnimationNodeAnimation_5knsg"]
animation = &"PistolAim"

[sub_resource type="AnimationNodeAnimation" id="AnimationNodeAnimation_usxop"]
animation = &"PistolRecoil"

[sub_resource type="AnimationNodeBlendSpace1D" id="AnimationNodeBlendSpace1D_0vgvq"]
blend_point_0/node = SubResource("AnimationNodeAnimation_kc08a")
blend_point_0/pos = 0.0
blend_point_1/node = SubResource("AnimationNodeAnimation_5knsg")
blend_point_1/pos = 1.0
blend_point_2/node = SubResource("AnimationNodeAnimation_usxop")
blend_point_2/pos = 2.0
min_space = 0.0
max_space = 2.0

[sub_resource type="AnimationNodeBlendTree" id="AnimationNodeBlendTree_7m1lo"]
nodes/Animation/node = SubResource("AnimationNodeAnimation_kulyc")
nodes/Animation/position = Vector2(146.667, 186.667)
"nodes/Animation 2/node" = SubResource("AnimationNodeAnimation_ofl68")
"nodes/Animation 2/position" = Vector2(133.333, -120)
"nodes/Animation 5/node" = SubResource("AnimationNodeAnimation_te0yl")
"nodes/Animation 5/position" = Vector2(1106.67, 320)
"nodes/Animation 7/node" = SubResource("AnimationNodeAnimation_l7m2l")
"nodes/Animation 7/position" = Vector2(906.667, 320)
nodes/attack/node = SubResource("AnimationNodeBlend2_lli4p")
nodes/attack/position = Vector2(586.667, 0)
nodes/attack_swing/node = SubResource("AnimationNodeBlendSpace1D_ieem8")
nodes/attack_swing/position = Vector2(360, 266.667)
nodes/equip/node = SubResource("AnimationNodeOneShot_6bxkp")
nodes/equip/position = Vector2(1106.67, 66.6667)
nodes/gun/node = SubResource("AnimationNodeBlend2_neoc0")
nodes/gun/position = Vector2(870.548, 16.119)
nodes/hurt/node = SubResource("AnimationNodeOneShot_74kw8")
nodes/hurt/position = Vector2(1306.67, 106.667)
nodes/look_y/node = SubResource("AnimationNodeAdd3_5xkqa")
nodes/look_y/position = Vector2(320, -13.3333)
nodes/move/node = SubResource("AnimationNodeBlendSpace2D_fa6tf")
nodes/move/position = Vector2(-93.3333, 13.3333)
nodes/move_speed/node = SubResource("AnimationNodeTimeScale_5h7qr")
nodes/move_speed/position = Vector2(120, 26.6667)
nodes/output/position = Vector2(1506.67, 133.333)
nodes/pistol_action/node = SubResource("AnimationNodeBlendSpace1D_0vgvq")
nodes/pistol_action/position = Vector2(506.667, 413.333)
node_connections = [&"attack", 0, &"look_y", &"attack", 1, &"attack_swing", &"equip", 0, &"gun", &"equip", 1, &"Animation 7", &"gun", 0, &"attack", &"gun", 1, &"pistol_action", &"hurt", 0, &"equip", &"hurt", 1, &"Animation 5", &"look_y", 0, &"Animation 2", &"look_y", 1, &"move_speed", &"look_y", 2, &"Animation", &"move_speed", 0, &"move", &"output", 0, &"hurt"]

[sub_resource type="BoxShape3D" id="BoxShape3D_ur7sm"]
size = Vector3(0.225217, 0.156215, 0.21866)

[sub_resource type="CapsuleShape3D" id="CapsuleShape3D_rp2k7"]
radius = 0.00956078
height = 0.0956078

[sub_resource type="BoxShape3D" id="BoxShape3D_cj50x"]
size = Vector3(0.182053, 0.169014, 0.244418)

[sub_resource type="CapsuleShape3D" id="CapsuleShape3D_bpbuw"]
radius = 0.0291985
height = 0.291985

[sub_resource type="CapsuleShape3D" id="CapsuleShape3D_tymfo"]
radius = 0.0233692
height = 0.233692

[sub_resource type="CapsuleShape3D" id="CapsuleShape3D_1l0an"]
radius = 0.0291985
height = 0.291985

[sub_resource type="CapsuleShape3D" id="CapsuleShape3D_e4r4e"]
radius = 0.0233692
height = 0.233692

[sub_resource type="CapsuleShape3D" id="CapsuleShape3D_y85b4"]
radius = 0.0504686
height = 0.504686

[sub_resource type="CapsuleShape3D" id="CapsuleShape3D_oaoc5"]
radius = 0.047316
height = 0.47316

[sub_resource type="CapsuleShape3D" id="CapsuleShape3D_3qydc"]
radius = 0.0504686
height = 0.504686

[sub_resource type="CapsuleShape3D" id="CapsuleShape3D_2vphi"]
radius = 0.047316
height = 0.47316

[node name="ThirdPersonModel" instance=ExtResource("1_l0xja")]
script = ExtResource("2_yof0n")

[node name="AnimationTree" type="AnimationTree" parent="." index="0"]
root_motion_track = NodePath("Armature/Skeleton3D:Root")
tree_root = SubResource("AnimationNodeBlendTree_7m1lo")
anim_player = NodePath("../AnimationPlayer")
parameters/attack/blend_amount = 0.0
parameters/attack_swing/blend_position = -0.00456971
parameters/equip/active = false
parameters/equip/internal_active = false
parameters/equip/request = 0
parameters/gun/blend_amount = 1.0
parameters/hurt/active = false
parameters/hurt/internal_active = false
parameters/hurt/request = 0
parameters/look_y/add_amount = 0.0
parameters/move/blend_position = Vector2(0.02455, -0.0151899)
parameters/move_speed/scale = 1.5
parameters/pistol_action/blend_position = 0.998985

[node name="RootMotionView" type="RootMotionView" parent="AnimationTree" index="0"]
animation_path = NodePath("..")

[node name="SpringArm3D" type="SpringArm3D" parent="." index="1"]
transform = Transform3D(1, 0, 0, 0, 0.866025, 0.5, 0, -0.5, 0.866025, 0, 1, 0)
spring_length = 2.0

[node name="DeathCam" type="Camera3D" parent="SpringArm3D" index="0"]
transform = Transform3D(1, 0, 0, 0, 1, 0, 0, 0, 1, 0, 0, 2)

[node name="Skeleton3D" parent="Armature" index="0"]
animate_physical_bones = false
bones/1/position = Vector3(0, 0.968644, 0)
bones/1/rotation = Quaternion(0, -0.25444, 0, 0.967089)
bones/2/rotation = Quaternion(0, 0.25444, 0, 0.967089)
bones/4/rotation = Quaternion(0.0407169, 0, 0, 0.999171)
bones/4/scale = Vector3(1, 1, 1)
bones/5/rotation = Quaternion(-0.0311421, 0, 0, 0.999515)
bones/9/position = Vector3(0.206389, 0.198011, 0.00379466)
bones/9/rotation = Quaternion(0.626967, 0.0211928, 0.468891, 0.621776)
bones/9/scale = Vector3(1, 1, 1)
bones/10/rotation = Quaternion(-0.251172, -0.00676895, -0.0238702, 0.967625)
bones/10/scale = Vector3(1, 1, 1)
bones/11/rotation = Quaternion(0.316601, 0.176976, -0.290625, 0.885427)
bones/11/scale = Vector3(1, 1, 1)
bones/12/rotation = Quaternion(-0.0570474, -0.130592, 0.118748, 0.982644)
bones/13/scale = Vector3(1, 1, 1)
bones/15/position = Vector3(0.372706, -0.0336721, -0.43065)
bones/15/scale = Vector3(1, 1, 1)
bones/16/position = Vector3(0.243724, -0.0782167, 0.261881)
bones/16/rotation = Quaternion(0.779846, 0.300217, 0.330848, 0.438462)
bones/16/scale = Vector3(1, 1, 1)
bones/18/position = Vector3(-0.206389, 0.198011, 0.00379466)
bones/18/rotation = Quaternion(0.854465, -0.0196232, -0.11212, 0.506886)
bones/18/scale = Vector3(1, 1, 1)
bones/19/rotation = Quaternion(-0.56821, 0.00574383, 0.0540001, 0.821089)
bones/19/scale = Vector3(1, 1, 1)
bones/20/rotation = Quaternion(0.414954, -0.329484, 0.191925, 0.826086)
bones/20/scale = Vector3(1, 1, 1)
bones/21/rotation = Quaternion(-0.311206, -0.165064, -0.643572, 0.6795)
bones/22/scale = Vector3(1, 1, 1)
bones/24/position = Vector3(-0.372706, -0.0336721, -0.43065)
bones/24/scale = Vector3(1, 1, 1)
bones/25/position = Vector3(-0.366109, -0.246019, 0.212024)
bones/25/rotation = Quaternion(0.84774, -0.314085, -0.180151, 0.387598)
bones/25/scale = Vector3(1, 1, 1)
bones/26/rotation = Quaternion(0.955638, 0.0451625, -0.257054, 0.136526)
bones/27/rotation = Quaternion(0.171755, 6.86803e-09, -6.70987e-10, 0.98514)
bones/28/rotation = Quaternion(-0.66077, -0.000925003, 0.012227, 0.750489)
bones/29/rotation = Quaternion(0.968211, -0.00730935, -0.249187, 0.0204823)
bones/30/rotation = Quaternion(0.162476, 6.72908e-09, -5.31203e-10, 0.986712)
bones/31/rotation = Quaternion(-0.74388, 0.000770384, -0.0119637, 0.668206)
bones/34/position = Vector3(0.159689, 0.0287879, 0.195682)
bones/34/rotation = Quaternion(0.768794, 0, 0, 0.639496)
bones/34/scale = Vector3(1, 1, 1)
bones/35/position = Vector3(-0.15757, 0.0253585, -0.195682)
bones/35/rotation = Quaternion(0.768794, 0, 0, 0.639496)
bones/35/scale = Vector3(1, 1, 1)

[node name="Camera_2" parent="Armature/Skeleton3D" index="0"]
transform = Transform3D(-1, -6.2315e-15, 1.50996e-07, 1.18126e-14, 1, 1.195e-07, -1.50996e-07, 1.195e-07, -1, 0, 1.70914, 0.16)

[node name="InteractRay" type="RayCast3D" parent="Armature/Skeleton3D/Camera_2" index="1"]
enabled = false
target_position = Vector3(0, 0, -2)
collision_mask = 9
collide_with_areas = true

[node name="RightHand" type="BoneAttachment3D" parent="Armature/Skeleton3D" index="6"]
transform = Transform3D(0.998167, 0.0590384, 0.0133207, -0.059276, 0.998075, 0.018219, -0.0122196, -0.0189753, 0.999745, -0.15862, 1.51074, 0.507003)
bone_name = "HandHold.R"
bone_idx = 23

[node name="Pistol" parent="Armature/Skeleton3D/RightHand" index="0" instance=ExtResource("3_bdtxy")]

[node name="LeftHand" type="BoneAttachment3D" parent="Armature/Skeleton3D" index="7"]
transform = Transform3D(0.807886, -0.301796, -0.5062, 0.338197, 0.940837, -0.0211697, 0.482641, -0.154093, 0.862156, -0.166087, 1.48029, 0.449903)
bone_name = "HandHold.L"
bone_idx = 14

[node name="Physical Bone Hips" type="PhysicalBone3D" parent="Armature/Skeleton3D" index="8"]
transform = Transform3D(-0.841875, -0.539673, 0, 0, 0, -1, 0.539673, -0.841875, 0, 0, 0.984998, 0)
collision_layer = 0
joint_type = 3
joint_offset = Transform3D(-3.61999e-06, 0, 1, 0, 1, 0, -1, 0, -3.61999e-06, 0, 0, 0.0163542)
joint_rotation = Vector3(0, 1.5708, 0)
body_offset = Transform3D(-0.467279, -0.88411, 0, 0, 0, -1, 0.88411, -0.467279, 0, 0, 0.0163542, 0)
mass = 4.0
bone_name = "Hips"
joint_constraints/angular_limit_enabled = true
joint_constraints/angular_limit_upper = 40.0
joint_constraints/angular_limit_lower = -40.0
joint_constraints/angular_limit_bias = 0.3
joint_constraints/angular_limit_softness = 0.5
joint_constraints/angular_limit_relaxation = 1.0

[node name="CollisionShape3D" type="CollisionShape3D" parent="Armature/Skeleton3D/Physical Bone Hips" index="0"]
transform = Transform3D(1, 0, 0, 0, 0, 1, 0, -1, 0, 0, 0, 0)
shape = SubResource("BoxShape3D_ur7sm")

[node name="Physical Bone Torso" type="PhysicalBone3D" parent="Armature/Skeleton3D" index="9"]
transform = Transform3D(1, 6.75509e-09, 0, 0, 0, -1, -6.75509e-09, 1, 0, 0, 1.14667, 0)
collision_layer = 0
joint_type = 3
joint_offset = Transform3D(-3.61999e-06, 0, 1, 0, 1, 0, -1, 0, -3.61999e-06, 0, 0, -0.021978)
joint_rotation = Vector3(0, 1.5708, 0)
body_offset = Transform3D(1, 6.75509e-09, 0, 0, 0, -1, -6.75509e-09, 1, 0, 0, -0.021978, 0)
mass = 4.0
bone_name = "Torso"
joint_constraints/angular_limit_enabled = true
joint_constraints/angular_limit_upper = 40.0
joint_constraints/angular_limit_lower = -40.0
joint_constraints/angular_limit_bias = 0.3
joint_constraints/angular_limit_softness = 0.5
joint_constraints/angular_limit_relaxation = 1.0

[node name="CollisionShape3D" type="CollisionShape3D" parent="Armature/Skeleton3D/Physical Bone Torso" index="0"]
transform = Transform3D(1, 0, 0.000274688, -0.000274688, 0, 1, 0, -1, 0, 0, 0, -0.0435207)
shape = SubResource("BoxShape3D_ur7sm")

[node name="Physical Bone Chest" type="PhysicalBone3D" parent="Armature/Skeleton3D" index="10"]
transform = Transform3D(1, -5.35748e-09, -2.00208e-10, -9.74878e-11, 0.0191663, -0.999816, 5.36033e-09, 0.999816, 0.0191663, 6.2073e-10, 1.36392, -0.00297252)
collision_layer = 0
joint_type = 3
joint_offset = Transform3D(-3.61999e-06, 0, 1, 0, 1, 0, -1, 0, -3.61999e-06, -5.97859e-10, 0.00160812, 0.0712025)
joint_rotation = Vector3(0, 1.5708, 0)
body_offset = Transform3D(1, -5.35748e-09, -2.00208e-10, -2.00178e-10, 5.55627e-06, -1, 5.35748e-09, 1, 5.56e-06, 6.2073e-10, 0.0712025, -0.00160852)
mass = 4.0
bone_name = "Chest"
joint_constraints/angular_limit_enabled = true
joint_constraints/angular_limit_upper = 40.0
joint_constraints/angular_limit_lower = -40.0
joint_constraints/angular_limit_bias = 0.3
joint_constraints/angular_limit_softness = 0.5
joint_constraints/angular_limit_relaxation = 1.0

[node name="CollisionShape3D" type="CollisionShape3D" parent="Armature/Skeleton3D/Physical Bone Chest" index="0"]
transform = Transform3D(1, -9.99455e-08, 5.21502e-06, -5.21386e-06, 3.1665e-08, 1, -9.99233e-08, -1, 7.45058e-09, -1.54909e-08, 0.00107254, -0.055963)
shape = SubResource("BoxShape3D_ur7sm")

[node name="Physical Bone Neck" type="PhysicalBone3D" parent="Armature/Skeleton3D" index="11"]
transform = Transform3D(1, -5.26197e-08, 3.34694e-09, 6.46576e-11, -0.0622541, -0.99806, 5.2726e-08, 0.99806, -0.0622541, 3.91537e-10, 1.567, -0.0029763)
collision_layer = 0
joint_type = 3
joint_offset = Transform3D(-3.61999e-06, 0, 1, 0, 1, 0, -1, 0, -3.61999e-06, -5.46082e-10, -0.00523207, -0.036082)
joint_rotation = Vector3(0, 1.5708, 0)
body_offset = Transform3D(1, -5.26197e-08, 3.34694e-09, 3.34694e-09, -2.23517e-08, -1, 5.26197e-08, 1, -2.23517e-08, 3.91537e-10, -0.036082, 0.00523207)
mass = 4.0
bone_name = "Neck"
joint_constraints/angular_limit_enabled = true
joint_constraints/angular_limit_upper = 40.0
joint_constraints/angular_limit_lower = -40.0
joint_constraints/angular_limit_bias = 0.3
joint_constraints/angular_limit_softness = 0.5
joint_constraints/angular_limit_relaxation = 1.0

[node name="CollisionShape3D" type="CollisionShape3D" parent="Armature/Skeleton3D/Physical Bone Neck" index="0"]
transform = Transform3D(1, 0, 0, 0, 0, 1, 0, -1, 0, 0, 0, 0)
shape = SubResource("CapsuleShape3D_rp2k7")

[node name="Physical Bone Head" type="PhysicalBone3D" parent="Armature/Skeleton3D" index="12"]
transform = Transform3D(-1, 2.42522e-06, 3.7411e-05, 8.65742e-12, 0.997905, -0.0646904, -3.74895e-05, -0.0646904, -0.997905, 7.53852e-07, 1.74299, -0.0203334)
collision_layer = 0
joint_type = 3
joint_offset = Transform3D(-3.61999e-06, 0, 1, 0, 1, 0, -1, 0, -3.61999e-06, -8.4371e-09, -0.0454531, -0.0174295)
joint_rotation = Vector3(0, 1.5708, 0)
body_offset = Transform3D(-1, 2.42522e-06, 3.7411e-05, 5.72458e-12, 0.997906, -0.0646905, -3.74895e-05, -0.0646905, -0.997906, 7.53852e-07, 0.0442303, -0.0203334)
mass = 4.0
bone_name = "Head"
joint_constraints/angular_limit_enabled = true
joint_constraints/angular_limit_upper = 40.0
joint_constraints/angular_limit_lower = -40.0
joint_constraints/angular_limit_bias = 0.3
joint_constraints/angular_limit_softness = 0.5
joint_constraints/angular_limit_relaxation = 1.0

[node name="CollisionShape3D" type="CollisionShape3D" parent="Armature/Skeleton3D/Physical Bone Head" index="0"]
transform = Transform3D(1, -1.09139e-11, 8.18545e-12, -7.95808e-12, 1.86265e-07, 1, -1.16415e-10, -0.999997, 0, -5.80593e-07, -0.00100958, -0.0154744)
shape = SubResource("BoxShape3D_cj50x")

[node name="Physical Bone UpperArmL" type="PhysicalBone3D" parent="Armature/Skeleton3D" index="13"]
transform = Transform3D(0.20753, -0.942698, -0.261251, 0.822889, 0.0238264, 0.567702, -0.528947, -0.332796, 0.780681, 0.210747, 1.38697, -0.148244)
collision_layer = 0
joint_type = 3
joint_offset = Transform3D(-3.61999e-06, 0, 1, 0, 1, 0, -1, 0, -3.61999e-06, 0.00613217, -0.0427522, 0.17582)
joint_rotation = Vector3(0, 1.5708, 0)
body_offset = Transform3D(0.335713, -0.695528, 0.635246, -0.713862, 0.252135, 0.653322, -0.614571, -0.672807, -0.411866, -0.143483, -0.0997102, 0.0474191)
mass = 4.0
bone_name = "UpperArm.L"
joint_constraints/angular_limit_enabled = true
joint_constraints/angular_limit_upper = 40.0
joint_constraints/angular_limit_lower = -40.0
joint_constraints/angular_limit_bias = 0.3
joint_constraints/angular_limit_softness = 0.5
joint_constraints/angular_limit_relaxation = 1.0

[node name="CollisionShape3D" type="CollisionShape3D" parent="Armature/Skeleton3D/Physical Bone UpperArmL" index="0"]
transform = Transform3D(1, 0, 0, 0, 0, 1, 0, -1, 0, 0, 0, 0)
shape = SubResource("CapsuleShape3D_bpbuw")

[node name="Physical Bone LowerArmL" type="PhysicalBone3D" parent="Armature/Skeleton3D" index="14"]
transform = Transform3D(0.71129, -0.412493, -0.569137, -0.149792, 0.702145, -0.696099, 0.686753, 0.58038, 0.437641, 0.107742, 1.41594, -0.0297261)
collision_layer = 0
joint_type = 3
joint_offset = Transform3D(-3.61999e-06, 0, 1, 0, 1, 0, -1, 0, -3.61999e-06, 0.134156, 0.189199, 0.142721)
joint_rotation = Vector3(0, 1.5708, 0)
body_offset = Transform3D(0.691408, 0.48345, -0.536872, -0.145495, 0.821062, 0.551986, 0.707663, -0.303535, 0.638028, -0.107602, -0.214605, -0.128569)
mass = 4.0
bone_name = "LowerArm.L"
joint_constraints/angular_limit_enabled = true
joint_constraints/angular_limit_upper = 40.0
joint_constraints/angular_limit_lower = -40.0
joint_constraints/angular_limit_bias = 0.3
joint_constraints/angular_limit_softness = 0.5
joint_constraints/angular_limit_relaxation = 1.0

[node name="CollisionShape3D" type="CollisionShape3D" parent="Armature/Skeleton3D/Physical Bone LowerArmL" index="0"]
transform = Transform3D(1, 0, 0, 0, 0, 1, 0, -1, 0, 0, 0, 0)
shape = SubResource("CapsuleShape3D_tymfo")

[node name="Physical Bone UpperArmR" type="PhysicalBone3D" parent="Armature/Skeleton3D" index="15"]
transform = Transform3D(-0.172369, 0.543211, 0.821712, -0.452744, 0.697173, -0.555853, -0.874821, -0.467837, 0.125765, -0.322947, 1.61225, -0.012728)
collision_layer = 0
joint_type = 3
joint_offset = Transform3D(-3.61999e-06, 0, 1, 0, 1, 0, -1, 0, -3.61999e-06, 0.0237565, -0.0273051, 0.164882)
joint_rotation = Vector3(0, 1.5708, 0)
body_offset = Transform3D(0.0479407, 0.503236, 0.862818, -0.571304, -0.694753, 0.436956, 0.819337, -0.51388, 0.254194, -0.129661, -0.0774441, -0.0754081)
mass = 4.0
bone_name = "UpperArm.R"
joint_constraints/angular_limit_enabled = true
joint_constraints/angular_limit_upper = 40.0
joint_constraints/angular_limit_lower = -40.0
joint_constraints/angular_limit_bias = 0.3
joint_constraints/angular_limit_softness = 0.5
joint_constraints/angular_limit_relaxation = 1.0

[node name="CollisionShape3D" type="CollisionShape3D" parent="Armature/Skeleton3D/Physical Bone UpperArmR" index="0"]
transform = Transform3D(1, 0, 0, 0, 0, 1, 0, -1, 0, 0, 0, 0)
shape = SubResource("CapsuleShape3D_1l0an")

[node name="Physical Bone LowerArmR" type="PhysicalBone3D" parent="Armature/Skeleton3D" index="16"]
transform = Transform3D(0.84582, 0.528707, 0.0711123, 0.393568, -0.52845, -0.752226, -0.360128, 0.664236, -0.655056, -0.0167485, 1.47861, 0.174348)
collision_layer = 0
joint_type = 3
joint_offset = Transform3D(-3.61999e-06, 0, 1, 0, 1, 0, -1, 0, -3.61999e-06, -0.219383, 0.0327841, 0.0278606)
joint_rotation = Vector3(0, 1.5708, 0)
body_offset = Transform3D(0.810609, 0.547587, 0.207511, 0.107417, 0.209307, -0.971933, -0.575651, 0.810148, 0.110846, 0.1541, 0.0437821, -0.155936)
mass = 4.0
bone_name = "LowerArm.R"
joint_constraints/angular_limit_enabled = true
joint_constraints/angular_limit_upper = 40.0
joint_constraints/angular_limit_lower = -40.0
joint_constraints/angular_limit_bias = 0.3
joint_constraints/angular_limit_softness = 0.5
joint_constraints/angular_limit_relaxation = 1.0

[node name="CollisionShape3D" type="CollisionShape3D" parent="Armature/Skeleton3D/Physical Bone LowerArmR" index="0"]
transform = Transform3D(1, 0, 0, 0, 0, 1, 0, -1, 0, 0, 0, 0)
shape = SubResource("CapsuleShape3D_e4r4e")

[node name="Physical Bone UpperLegL" type="PhysicalBone3D" parent="Armature/Skeleton3D" index="17"]
transform = Transform3D(0.994458, 0.00886506, -0.104758, 0.0302504, -0.978427, 0.204367, -0.100686, -0.206403, -0.973273, 0.0903813, 1.0557, 0.611157)
collision_layer = 0
joint_type = 3
joint_offset = Transform3D(-3.61999e-06, 0, 1, 0, 1, 0, -1, 0, -3.61999e-06, 0.0997218, 0.182212, 0.498261)
joint_rotation = Vector3(0, 1.5708, 0)
body_offset = Transform3D(0.996071, -0.00416535, -0.0884594, -0.0384442, 0.879521, -0.474305, 0.0797774, 0.475842, 0.875905, -0.0544952, 0.0799018, -0.531089)
mass = 4.0
bone_name = "UpperLeg.L"
joint_constraints/angular_limit_enabled = true
joint_constraints/angular_limit_upper = 40.0
joint_constraints/angular_limit_lower = -40.0
joint_constraints/angular_limit_bias = 0.3
joint_constraints/angular_limit_softness = 0.5
joint_constraints/angular_limit_relaxation = 1.0

[node name="CollisionShape3D" type="CollisionShape3D" parent="Armature/Skeleton3D/Physical Bone UpperLegL" index="0"]
transform = Transform3D(1, 0, 0, 0, 0, 1, 0, -1, 0, 0, 0, 0)
shape = SubResource("CapsuleShape3D_y85b4")

[node name="Physical Bone LowerLegL" type="PhysicalBone3D" parent="Armature/Skeleton3D" index="18"]
transform = Transform3D(0.993743, -0.081938, -0.0759022, 0.0909795, 0.199628, 0.975639, -0.0647897, -0.97644, 0.205833, 0.159163, 0.173983, 1.01639)
collision_layer = 0
joint_type = 3
joint_offset = Transform3D(-3.61999e-06, 0, 1, 0, 1, 0, -1, 0, -3.61999e-06, 0.0705849, 0.841429, 0.153824)
joint_rotation = Vector3(0, 1.5708, 0)
body_offset = Transform3D(0.995857, -0.065679, -0.0628945, -0.0718668, -0.144648, -0.98687, 0.0557189, 0.987301, -0.148769, -0.00535363, 0.278588, -0.811792)
mass = 4.0
bone_name = "LowerLeg.L"
joint_constraints/angular_limit_enabled = true
joint_constraints/angular_limit_upper = 40.0
joint_constraints/angular_limit_lower = -40.0
joint_constraints/angular_limit_bias = 0.3
joint_constraints/angular_limit_softness = 0.5
joint_constraints/angular_limit_relaxation = 1.0

[node name="CollisionShape3D" type="CollisionShape3D" parent="Armature/Skeleton3D/Physical Bone LowerLegL" index="0"]
transform = Transform3D(1, 0, 0, 0, 0, 1, 0, -1, 0, 0, 0, 0)
shape = SubResource("CapsuleShape3D_oaoc5")

[node name="Physical Bone UpperLegR" type="PhysicalBone3D" parent="Armature/Skeleton3D" index="19"]
transform = Transform3D(0.990144, 0.0432669, 0.133201, -0.125737, -0.144267, 0.981518, 0.0616838, -0.988592, -0.137405, -0.0876875, 0.625582, -0.349315)
collision_layer = 0
joint_type = 3
joint_offset = Transform3D(-3.61999e-06, 0, 1, 0, 1, 0, -1, 0, -3.61999e-06, -0.0789236, -0.32134, 0.30606)
joint_rotation = Vector3(0, 1.5708, 0)
body_offset = Transform3D(0.993541, 0.035724, 0.107707, 0.10332, 0.107712, -0.988798, -0.0469253, 0.99354, 0.103325, 0.0569286, 0.345398, 0.283937)
mass = 4.0
bone_name = "UpperLeg.R"
joint_constraints/angular_limit_enabled = true
joint_constraints/angular_limit_upper = 40.0
joint_constraints/angular_limit_lower = -40.0
joint_constraints/angular_limit_bias = 0.3
joint_constraints/angular_limit_softness = 0.5
joint_constraints/angular_limit_relaxation = 1.0

[node name="CollisionShape3D" type="CollisionShape3D" parent="Armature/Skeleton3D/Physical Bone UpperLegR" index="0"]
transform = Transform3D(1, 0, 0, 0, 0, 1, 0, -1, 0, 0, 0, 0)
shape = SubResource("CapsuleShape3D_3qydc")

[node name="Physical Bone LowerLegR" type="PhysicalBone3D" parent="Armature/Skeleton3D" index="20"]
transform = Transform3D(0.991851, 0.120997, 0.0398948, -0.125634, 0.980905, 0.148462, -0.0211695, -0.152265, 0.988113, -0.120713, 0.540567, -0.533891)
collision_layer = 0
joint_type = 3
joint_offset = Transform3D(-3.61999e-06, 0, 1, 0, 1, 0, -1, 0, -3.61999e-06, -0.0326627, -0.137112, 0.45724)
joint_rotation = Vector3(0, 1.5708, 0)
body_offset = Transform3D(0.994319, 0.0953564, 0.0473004, 0.106427, -0.898373, -0.426144, 0.00185766, 0.428757, -0.903418, 0.0239241, 0.0751481, 0.471927)
mass = 4.0
bone_name = "LowerLeg.R"
joint_constraints/angular_limit_enabled = true
joint_constraints/angular_limit_upper = 40.0
joint_constraints/angular_limit_lower = -40.0
joint_constraints/angular_limit_bias = 0.3
joint_constraints/angular_limit_softness = 0.5
joint_constraints/angular_limit_relaxation = 1.0

[node name="CollisionShape3D" type="CollisionShape3D" parent="Armature/Skeleton3D/Physical Bone LowerLegR" index="0"]
transform = Transform3D(1, 0, 0, 0, 0, 1, 0, -1, 0, 0, 0, 0)
shape = SubResource("CapsuleShape3D_2vphi")
