[gd_scene load_steps=23 format=3 uid="uid://viupvwuisje3"]

[ext_resource type="PackedScene" uid="uid://dkyoc15f0fiee" path="res://assets/models/ZombieModel.blend" id="1_wsohq"]
[ext_resource type="Script" path="res://scenes/zombie/ZombieModel.gd" id="2_xtch6"]

[sub_resource type="BoxShape3D" id="BoxShape3D_7jh75"]
size = Vector3(0.225217, 0.156215, 0.21866)

[sub_resource type="CapsuleShape3D" id="CapsuleShape3D_0e4o6"]
radius = 0.00956078
height = 0.0956078

[sub_resource type="BoxShape3D" id="BoxShape3D_7k8cc"]
size = Vector3(0.182053, 0.169014, 0.244418)

[sub_resource type="CapsuleShape3D" id="CapsuleShape3D_ynqnb"]
radius = 0.0291985
height = 0.291985

[sub_resource type="CapsuleShape3D" id="CapsuleShape3D_vinoo"]
radius = 0.0233692
height = 0.233692

[sub_resource type="CapsuleShape3D" id="CapsuleShape3D_rn626"]
radius = 0.0291985
height = 0.291985

[sub_resource type="CapsuleShape3D" id="CapsuleShape3D_2pnhr"]
radius = 0.0233692
height = 0.233692

[sub_resource type="CapsuleShape3D" id="CapsuleShape3D_q7ogx"]
radius = 0.0504686
height = 0.504686

[sub_resource type="CapsuleShape3D" id="CapsuleShape3D_jftc3"]
radius = 0.047316
height = 0.47316

[sub_resource type="CapsuleShape3D" id="CapsuleShape3D_0ma2c"]
radius = 0.0504686
height = 0.504686

[sub_resource type="CapsuleShape3D" id="CapsuleShape3D_wwdah"]
radius = 0.047316
height = 0.47316

[sub_resource type="AnimationNodeAnimation" id="AnimationNodeAnimation_rjdaf"]
animation = &"Hurt"

[sub_resource type="AnimationNodeAnimation" id="AnimationNodeAnimation_t1aj4"]
animation = &"Attack"

[sub_resource type="AnimationNodeOneShot" id="AnimationNodeOneShot_58yvf"]

[sub_resource type="AnimationNodeOneShot" id="AnimationNodeOneShot_56byj"]

[sub_resource type="AnimationNodeAnimation" id="AnimationNodeAnimation_u20so"]
animation = &"Idle"

[sub_resource type="AnimationNodeAnimation" id="AnimationNodeAnimation_qxu10"]
animation = &"Move-85"

[sub_resource type="AnimationNodeBlendSpace1D" id="AnimationNodeBlendSpace1D_x210g"]
blend_point_0/node = SubResource("AnimationNodeAnimation_u20so")
blend_point_0/pos = 0.0
blend_point_1/node = SubResource("AnimationNodeAnimation_qxu10")
blend_point_1/pos = 0.85
min_space = 0.0
max_space = 0.85
snap = 0.05

[sub_resource type="AnimationNodeTimeScale" id="AnimationNodeTimeScale_illsv"]

[sub_resource type="AnimationNodeBlendTree" id="AnimationNodeBlendTree_6eh6y"]
graph_offset = Vector2(-42.3636, -33.0909)
nodes/Animation/node = SubResource("AnimationNodeAnimation_t1aj4")
nodes/Animation/position = Vector2(-40, 253.333)
"nodes/Animation 2/node" = SubResource("AnimationNodeAnimation_rjdaf")
"nodes/Animation 2/position" = Vector2(213.333, 320)
nodes/attack/node = SubResource("AnimationNodeOneShot_58yvf")
nodes/attack/position = Vector2(160, 80)
nodes/hurt/node = SubResource("AnimationNodeOneShot_56byj")
nodes/hurt/position = Vector2(413.092, 83.3333)
nodes/move/node = SubResource("AnimationNodeBlendSpace1D_x210g")
nodes/move/position = Vector2(-200, 40)
nodes/move_speed/node = SubResource("AnimationNodeTimeScale_illsv")
nodes/move_speed/position = Vector2(0, 53.3333)
nodes/output/position = Vector2(600, 146.667)
node_connections = [&"attack", 0, &"move_speed", &"attack", 1, &"Animation", &"hurt", 0, &"attack", &"hurt", 1, &"Animation 2", &"move_speed", 0, &"move", &"output", 0, &"hurt"]

[node name="ZombieModel" instance=ExtResource("1_wsohq")]
script = ExtResource("2_xtch6")

[node name="Armature" parent="." index="0"]
transform = Transform3D(0.992053, 0.000625601, -0.125821, -0.0206768, 0.987203, -0.158122, 0.124111, 0.159466, 0.979371, -0.00092416, -0.0022867, -0.200945)

[node name="Skeleton3D" parent="Armature" index="0"]
bones/0/rotation = Quaternion(2.18557e-08, 2.54434e-18, -4.01389e-18, 1)
bones/2/rotation = Quaternion(0.0528237, 0.0228252, -0.0276257, 0.997961)
bones/3/rotation = Quaternion(0.0968779, 0.0460817, -0.0496482, 0.992989)
bones/4/rotation = Quaternion(0.077692, 0.00888182, 0.00545044, 0.996923)
bones/4/scale = Vector3(1, 1, 1)
bones/5/rotation = Quaternion(0.00568008, 0.00888744, 0.00546428, 0.99993)
bones/6/rotation = Quaternion(0.0370356, 0.00876223, 0.00564064, 0.99926)
bones/8/rotation = Quaternion(-0.495187, -0.495187, -0.504767, 0.504768)
bones/8/scale = Vector3(1, 1, 1)
bones/10/rotation = Quaternion(0.887068, 0.0880934, 0.288036, 0.349835)
bones/10/scale = Vector3(1, 1, 1)
bones/11/rotation = Quaternion(-0.193824, -0.00680625, -0.000721062, 0.981013)
bones/11/scale = Vector3(1, 1, 1)
bones/12/rotation = Quaternion(-0.0450935, -0.057673, -0.00827278, 0.997282)
bones/12/scale = Vector3(1, 1, 1)
bones/13/rotation = Quaternion(-0.029283, -0.136825, 0.0221055, 0.989916)
bones/13/scale = Vector3(1, 1, 1)
bones/15/rotation = Quaternion(-0.308944, -0.0677707, -0.102005, 0.943163)
bones/17/rotation = Quaternion(-0.579806, -0.389911, 0.00273782, 0.715393)
bones/17/scale = Vector3(1, 1, 1)
bones/19/scale = Vector3(1, 1, 1)
bones/21/rotation = Quaternion(0.917485, 0.271256, 0.276504, -0.0904849)
bones/21/scale = Vector3(1, 1, 1)
bones/23/rotation = Quaternion(-0.495187, 0.495187, 0.504767, 0.504768)
bones/23/scale = Vector3(1, 1, 1)
bones/25/rotation = Quaternion(0.892527, -0.0354566, -0.285745, 0.347113)
bones/26/rotation = Quaternion(-0.201246, 0.00677596, 0.000714295, 0.979517)
bones/26/scale = Vector3(1, 1, 1)
bones/27/rotation = Quaternion(-0.365258, -0.0965605, -0.453173, 0.807402)
bones/27/scale = Vector3(1, 1, 1)
bones/28/rotation = Quaternion(-0.206349, 0.105072, -0.506319, 0.830675)
bones/30/rotation = Quaternion(-0.74945, -0.0860611, 0.249823, 0.607048)
bones/32/rotation = Quaternion(-0.801356, 0.286782, 0.0539677, 0.522181)
bones/32/scale = Vector3(1, 1, 1)
bones/33/rotation = Quaternion(2.98023e-08, 1.03377e-07, -2.77651e-08, 1)
bones/34/scale = Vector3(1, 1, 1)
bones/36/rotation = Quaternion(0.917485, -0.271256, -0.276504, -0.0904849)
bones/38/rotation = Quaternion(0.973751, 0.0727353, -0.112835, 0.183812)
bones/39/rotation = Quaternion(0.352868, -0.0576354, -0.0567432, 0.932171)
bones/40/rotation = Quaternion(-0.780048, -0.0916006, 0.0391157, 0.617742)
bones/42/rotation = Quaternion(0.99118, 0.00974078, 0.0953658, 0.0915001)
bones/43/rotation = Quaternion(0.336046, 0.0825138, 0.0352429, 0.937562)
bones/44/rotation = Quaternion(-0.675099, 0.145839, 0.0833619, 0.718348)
bones/46/rotation = Quaternion(8.95415e-08, 0.707107, 0.707107, 2.77242e-08)
bones/48/rotation = Quaternion(8.95415e-08, 0.707107, 0.707107, 2.77242e-08)
bones/50/rotation = Quaternion(0.768795, 5.5649e-09, 3.89921e-09, 0.639496)
bones/52/rotation = Quaternion(0.768795, 5.5649e-09, 3.89921e-09, 0.639496)

[node name="PhysicalBoneSimulator3D" type="PhysicalBoneSimulator3D" parent="Armature/Skeleton3D" index="5"]

[node name="Physical Bone Hips" type="PhysicalBone3D" parent="Armature/Skeleton3D/PhysicalBoneSimulator3D" index="0"]
transform = Transform3D(0.867639, -0.497194, 2.26423e-05, 4.58136e-05, 3.44217e-05, -1, 0.497194, 0.867638, 5.26458e-05, 1.2666e-07, 1.06872, -4.86523e-05)
collision_layer = 0
joint_type = 3
joint_offset = Transform3D(-3.61999e-06, 0, 1, 0, 1, 0, -1, 0, -3.61999e-06, 2.04864e-05, 3.96117e-05, 0.0792107)
joint_rotation = Vector3(0, 1.5708, 0)
body_offset = Transform3D(0.867639, -0.497194, 2.26386e-05, 4.5836e-05, 3.44515e-05, -1, 0.497194, 0.867638, 5.26756e-05, 1.2666e-07, 0.0792106, -4.87268e-05)
mass = 4.0
bone_name = "Hips"
joint_constraints/angular_limit_enabled = true
joint_constraints/angular_limit_upper = 40.0
joint_constraints/angular_limit_lower = -40.0
joint_constraints/angular_limit_bias = 0.3
joint_constraints/angular_limit_softness = 0.5
joint_constraints/angular_limit_relaxation = 1.0

[node name="CollisionShape3D" type="CollisionShape3D" parent="Armature/Skeleton3D/PhysicalBoneSimulator3D/Physical Bone Hips" index="0"]
transform = Transform3D(1, 0, 0, 0, 0, 1, 0, -1, 0, 0, 0, 0)
shape = SubResource("BoxShape3D_7jh75")

[node name="Physical Bone Torso" type="PhysicalBone3D" parent="Armature/Skeleton3D/PhysicalBoneSimulator3D" index="1"]
transform = Transform3D(0.998739, -0.0195656, -0.0462343, -0.0461601, 0.00422782, -0.998925, 0.01974, 0.999799, 0.00331929, 0.00189313, 1.23033, -0.000190794)
collision_layer = 0
joint_type = 3
joint_offset = Transform3D(-3.61999e-06, 0, 1, 0, 1, 0, -1, 0, -3.61999e-06, -2.31856e-06, 5.52903e-05, 0.0408729)
joint_rotation = Vector3(0, 1.5708, 0)
body_offset = Transform3D(0.997651, -0.0682044, 0.00639418, 0.0137019, 0.107222, -0.99414, 0.0671192, 0.991892, 0.107904, -0.000255264, 0.0406275, -0.00446504)
mass = 4.0
bone_name = "Torso"
joint_constraints/angular_limit_enabled = true
joint_constraints/angular_limit_upper = 40.0
joint_constraints/angular_limit_lower = -40.0
joint_constraints/angular_limit_bias = 0.3
joint_constraints/angular_limit_softness = 0.5
joint_constraints/angular_limit_relaxation = 1.0

[node name="CollisionShape3D" type="CollisionShape3D" parent="Armature/Skeleton3D/PhysicalBoneSimulator3D/Physical Bone Torso" index="0"]
transform = Transform3D(1, 0, 0.000274688, -0.000274688, 0, 1, 0, -1, 0, 0, 0, -0.0435207)
shape = SubResource("BoxShape3D_7jh75")

[node name="Physical Bone Chest" type="PhysicalBone3D" parent="Armature/Skeleton3D/PhysicalBoneSimulator3D" index="2"]
transform = Transform3D(0.990225, -0.0395417, -0.133757, -0.132634, 0.029781, -0.990717, 0.043158, 0.998773, 0.0242452, 0.0239917, 1.44539, -0.00390966)
collision_layer = 0
joint_type = 3
joint_offset = Transform3D(-3.61999e-06, 0, 1, 0, 1, 0, -1, 0, -3.61999e-06, 0.00163678, 0.0135343, 0.134081)
joint_rotation = Vector3(0, 1.5708, 0)
body_offset = Transform3D(0.979733, -0.200235, -0.00547282, 0.0568277, 0.304043, -0.950962, 0.19208, 0.931376, 0.30926, 0.00184025, 0.123298, -0.054386)
mass = 4.0
bone_name = "Chest"
joint_constraints/angular_limit_enabled = true
joint_constraints/angular_limit_upper = 40.0
joint_constraints/angular_limit_lower = -40.0
joint_constraints/angular_limit_bias = 0.3
joint_constraints/angular_limit_softness = 0.5
joint_constraints/angular_limit_relaxation = 1.0

[node name="CollisionShape3D" type="CollisionShape3D" parent="Armature/Skeleton3D/PhysicalBoneSimulator3D/Physical Bone Chest" index="0"]
transform = Transform3D(1, -9.99455e-08, 5.21502e-06, -5.21386e-06, 3.1665e-08, 1, -9.99233e-08, -1, 7.45058e-09, -1.54909e-08, 0.00107254, -0.055963)
shape = SubResource("BoxShape3D_7jh75")

[node name="Physical Bone Neck" type="PhysicalBone3D" parent="Armature/Skeleton3D/PhysicalBoneSimulator3D" index="3"]
transform = Transform3D(0.987564, -0.0031553, -0.157184, -0.156883, 0.0452291, -0.986581, 0.0102222, 0.998971, 0.0441716, 0.0467912, 1.63441, -0.0116143)
collision_layer = 0
joint_type = 3
joint_offset = Transform3D(-3.61999e-06, 0, 1, 0, 1, 0, -1, 0, -3.61999e-06, 0.0190666, 0.111024, 0.0309843)
joint_rotation = Vector3(0, 1.5708, 0)
body_offset = Transform3D(0.98274, -0.178349, -0.0491278, 0.0405634, 0.466853, -0.883404, 0.18049, 0.866163, 0.46603, 0.00258578, -0.0252339, -0.114046)
mass = 4.0
bone_name = "Neck"
joint_constraints/angular_limit_enabled = true
joint_constraints/angular_limit_upper = 40.0
joint_constraints/angular_limit_lower = -40.0
joint_constraints/angular_limit_bias = 0.3
joint_constraints/angular_limit_softness = 0.5
joint_constraints/angular_limit_relaxation = 1.0

[node name="CollisionShape3D" type="CollisionShape3D" parent="Armature/Skeleton3D/PhysicalBoneSimulator3D/Physical Bone Neck" index="0"]
transform = Transform3D(1, 0, 0, 0, 0, 1, 0, -1, 0, 0, 0, 0)
shape = SubResource("CapsuleShape3D_0e4o6")

[node name="Physical Bone Head" type="PhysicalBone3D" parent="Armature/Skeleton3D/PhysicalBoneSimulator3D" index="4"]
transform = Transform3D(-0.982772, 0.171578, -0.0687041, 0.18372, 0.94745, -0.261889, 0.0201593, -0.269999, -0.962649, 0.0681624, 1.78487, -0.0616214)
collision_layer = 0
joint_type = 3
joint_offset = Transform3D(-3.61999e-06, 0, 1, 0, 1, 0, -1, 0, -3.61999e-06, -0.0222616, -0.14264, -0.171729)
joint_rotation = Vector3(0, 1.5708, 0)
body_offset = Transform3D(-0.98317, 0.125893, 0.132392, 0.00585583, 0.746014, -0.665904, -0.182599, -0.653922, -0.734195, 0.0188059, -0.00781357, -0.223423)
mass = 4.0
bone_name = "Head"
joint_constraints/angular_limit_enabled = true
joint_constraints/angular_limit_upper = 40.0
joint_constraints/angular_limit_lower = -40.0
joint_constraints/angular_limit_bias = 0.3
joint_constraints/angular_limit_softness = 0.5
joint_constraints/angular_limit_relaxation = 1.0

[node name="CollisionShape3D" type="CollisionShape3D" parent="Armature/Skeleton3D/PhysicalBoneSimulator3D/Physical Bone Head" index="0"]
transform = Transform3D(1, -1.09139e-11, 8.18545e-12, -7.95808e-12, 1.86265e-07, 1, -1.16415e-10, -0.999997, 0, -5.80593e-07, -0.00100958, -0.0154744)
shape = SubResource("BoxShape3D_7k8cc")

[node name="Physical Bone UpperArmL" type="PhysicalBone3D" parent="Armature/Skeleton3D/PhysicalBoneSimulator3D" index="5"]
transform = Transform3D(0.867143, -0.30116, -0.396693, 0.481928, 0.306289, 0.820933, -0.12573, -0.903044, 0.410734, 0.252472, 1.39713, -0.079317)
collision_layer = 0
joint_type = 3
joint_offset = Transform3D(-3.61999e-06, 0, 1, 0, 1, 0, -1, 0, -3.61999e-06, 0.0130905, -0.0822693, 0.11361)
joint_rotation = Vector3(0, 1.5708, 0)
body_offset = Transform3D(0.787046, -0.604777, -0.121672, -0.56955, -0.636593, -0.519962, 0.237005, 0.478531, -0.845479, -0.0462341, 0.0141566, 0.132321)
mass = 4.0
bone_name = "UpperArm.L"
joint_constraints/angular_limit_enabled = true
joint_constraints/angular_limit_upper = 40.0
joint_constraints/angular_limit_lower = -40.0
joint_constraints/angular_limit_bias = 0.3
joint_constraints/angular_limit_softness = 0.5
joint_constraints/angular_limit_relaxation = 1.0

[node name="CollisionShape3D" type="CollisionShape3D" parent="Armature/Skeleton3D/PhysicalBoneSimulator3D/Physical Bone UpperArmL" index="0"]
transform = Transform3D(1, 0, 0, 0, 0, 1, 0, -1, 0, 0, 0, 0)
shape = SubResource("CapsuleShape3D_ynqnb")

[node name="Physical Bone LowerArmL" type="PhysicalBone3D" parent="Armature/Skeleton3D/PhysicalBoneSimulator3D" index="6"]
transform = Transform3D(0.975502, 0.214329, -0.049591, 0.186366, -0.924906, -0.331386, -0.116893, 0.314025, -0.94219, 0.377336, 1.15488, 0.0253017)
collision_layer = 0
joint_type = 3
joint_offset = Transform3D(-3.61999e-06, 0, 1, 0, 1, 0, -1, 0, -3.61999e-06, -0.164101, -0.0411645, -0.143114)
joint_rotation = Vector3(0, 1.5708, 0)
body_offset = Transform3D(0.866644, 0.237578, -0.438731, -0.436783, 0.786282, -0.437012, 0.241142, 0.570365, 0.785196, 0.0892081, -0.101852, 0.175423)
mass = 4.0
bone_name = "LowerArm.L"
joint_constraints/angular_limit_enabled = true
joint_constraints/angular_limit_upper = 40.0
joint_constraints/angular_limit_lower = -40.0
joint_constraints/angular_limit_bias = 0.3
joint_constraints/angular_limit_softness = 0.5
joint_constraints/angular_limit_relaxation = 1.0

[node name="CollisionShape3D" type="CollisionShape3D" parent="Armature/Skeleton3D/PhysicalBoneSimulator3D/Physical Bone LowerArmL" index="0"]
transform = Transform3D(1, 0, 0, 0, 0, 1, 0, -1, 0, 0, 0, 0)
shape = SubResource("CapsuleShape3D_vinoo")

[node name="Physical Bone UpperArmR" type="PhysicalBone3D" parent="Armature/Skeleton3D/PhysicalBoneSimulator3D" index="7"]
transform = Transform3D(0.925763, 0.0250985, 0.37727, -0.374871, 0.191121, 0.907162, -0.0493359, -0.981245, 0.186342, -0.221474, 1.41371, -0.00681117)
collision_layer = 0
joint_type = 3
joint_offset = Transform3D(-3.61999e-06, 0, 1, 0, 1, 0, -1, 0, -3.61999e-06, 0.00906909, -0.086987, 0.145158)
joint_rotation = Vector3(0, 1.5708, 0)
body_offset = Transform3D(0.77485, 0.63074, -0.042118, 0.397605, -0.538077, -0.743224, -0.491445, 0.55914, -0.667715, 0.0539528, 0.0574733, 0.150019)
mass = 4.0
bone_name = "UpperArm.R"
joint_constraints/angular_limit_enabled = true
joint_constraints/angular_limit_upper = 40.0
joint_constraints/angular_limit_lower = -40.0
joint_constraints/angular_limit_bias = 0.3
joint_constraints/angular_limit_softness = 0.5
joint_constraints/angular_limit_relaxation = 1.0

[node name="CollisionShape3D" type="CollisionShape3D" parent="Armature/Skeleton3D/PhysicalBoneSimulator3D/Physical Bone UpperArmR" index="0"]
transform = Transform3D(1, 0, 0, 0, 0, 1, 0, -1, 0, 0, 0, 0)
shape = SubResource("CapsuleShape3D_rn626")

[node name="Physical Bone LowerArmR" type="PhysicalBone3D" parent="Armature/Skeleton3D/PhysicalBoneSimulator3D" index="8"]
transform = Transform3D(0.996199, -0.0674103, 0.0551735, -0.0797933, -0.960244, 0.267514, 0.0349468, -0.270899, -0.961972, -0.313212, 1.10021, 0.0737798)
collision_layer = 0
joint_type = 3
joint_offset = Transform3D(-3.61999e-06, 0, 1, 0, 1, 0, -1, 0, -3.61999e-06, 0.166235, -0.198109, -0.0830455)
joint_rotation = Vector3(0, 1.5708, 0)
body_offset = Transform3D(0.716958, 0.323462, 0.61753, 0.415934, 0.512399, -0.751296, -0.559438, 0.795499, 0.232829, -0.00381973, -0.0300239, 0.269929)
mass = 4.0
bone_name = "LowerArm.R"
joint_constraints/angular_limit_enabled = true
joint_constraints/angular_limit_upper = 40.0
joint_constraints/angular_limit_lower = -40.0
joint_constraints/angular_limit_bias = 0.3
joint_constraints/angular_limit_softness = 0.5
joint_constraints/angular_limit_relaxation = 1.0

[node name="CollisionShape3D" type="CollisionShape3D" parent="Armature/Skeleton3D/PhysicalBoneSimulator3D/Physical Bone LowerArmR" index="0"]
transform = Transform3D(1, 0, 0, 0, 0, 1, 0, -1, 0, 0, 0, 0)
shape = SubResource("CapsuleShape3D_2pnhr")

[node name="Physical Bone UpperLegL" type="PhysicalBone3D" parent="Armature/Skeleton3D/PhysicalBoneSimulator3D" index="9"]
transform = Transform3D(0.982009, 0.098344, -0.161206, 0.179637, -0.749706, 0.636923, -0.0582194, -0.654422, -0.753884, 0.178101, 0.864287, 0.269074)
collision_layer = 0
joint_type = 3
joint_offset = Transform3D(-3.61999e-06, 0, 1, 0, 1, 0, -1, 0, -3.61999e-06, 0.0224763, 0.070182, 0.294258)
joint_rotation = Vector3(0, 1.5708, 0)
body_offset = Transform3D(0.978958, 0.181006, 0.094227, -0.00564469, 0.485598, -0.874164, -0.203985, 0.855237, 0.476401, -0.0624337, 0.223276, -0.195622)
mass = 4.0
bone_name = "UpperLeg.L"
joint_constraints/angular_limit_enabled = true
joint_constraints/angular_limit_upper = 40.0
joint_constraints/angular_limit_lower = -40.0
joint_constraints/angular_limit_bias = 0.3
joint_constraints/angular_limit_softness = 0.5
joint_constraints/angular_limit_relaxation = 1.0

[node name="CollisionShape3D" type="CollisionShape3D" parent="Armature/Skeleton3D/PhysicalBoneSimulator3D/Physical Bone UpperLegL" index="0"]
transform = Transform3D(1, 0, 0, 0, 0, 1, 0, -1, 0, 0, 0, 0)
shape = SubResource("CapsuleShape3D_q7ogx")

[node name="Physical Bone LowerLegL" type="PhysicalBone3D" parent="Armature/Skeleton3D/PhysicalBoneSimulator3D" index="10"]
transform = Transform3D(0.972961, -0.226169, 0.0468468, -0.0591508, -0.0479314, 0.997097, -0.223267, -0.972907, -0.0600135, 0.251612, 0.424015, 0.511508)
collision_layer = 0
joint_type = 3
joint_offset = Transform3D(-3.61999e-06, 0, 1, 0, 1, 0, -1, 0, -3.61999e-06, 0.0694203, 0.32438, 0.133915)
joint_rotation = Vector3(0, 1.5708, 0)
body_offset = Transform3D(0.953655, 0.128663, 0.272008, 0.205233, 0.382947, -0.900683, -0.22005, 0.914766, 0.338793, -0.144364, -0.0178527, -0.326825)
mass = 4.0
bone_name = "LowerLeg.L"
joint_constraints/angular_limit_enabled = true
joint_constraints/angular_limit_upper = 40.0
joint_constraints/angular_limit_lower = -40.0
joint_constraints/angular_limit_bias = 0.3
joint_constraints/angular_limit_softness = 0.5
joint_constraints/angular_limit_relaxation = 1.0

[node name="CollisionShape3D" type="CollisionShape3D" parent="Armature/Skeleton3D/PhysicalBoneSimulator3D/Physical Bone LowerLegL" index="0"]
transform = Transform3D(1, 0, 0, 0, 0, 1, 0, -1, 0, 0, 0, 0)
shape = SubResource("CapsuleShape3D_jftc3")

[node name="Physical Bone UpperLegR" type="PhysicalBone3D" parent="Armature/Skeleton3D/PhysicalBoneSimulator3D" index="11"]
transform = Transform3D(0.996043, 0.0429097, 0.077829, -0.0740597, -0.0833595, 0.993763, 0.0491298, -0.995594, -0.0798517, -0.156197, 0.726685, -0.0573587)
collision_layer = 0
joint_type = 3
joint_offset = Transform3D(-3.61999e-06, 0, 1, 0, 1, 0, -1, 0, -3.61999e-06, -0.0210835, -0.0802981, 0.269871)
joint_rotation = Vector3(0, 1.5708, 0)
body_offset = Transform3D(0.984215, -0.147385, 0.0979774, 0.0836588, -0.100409, -0.991423, 0.155959, 0.983969, -0.0864942, -0.0175253, 0.261258, 0.105641)
mass = 4.0
bone_name = "UpperLeg.R"
joint_constraints/angular_limit_enabled = true
joint_constraints/angular_limit_upper = 40.0
joint_constraints/angular_limit_lower = -40.0
joint_constraints/angular_limit_bias = 0.3
joint_constraints/angular_limit_softness = 0.5
joint_constraints/angular_limit_relaxation = 1.0

[node name="CollisionShape3D" type="CollisionShape3D" parent="Armature/Skeleton3D/PhysicalBoneSimulator3D/Physical Bone UpperLegR" index="0"]
transform = Transform3D(1, 0, 0, 0, 0, 1, 0, -1, 0, 0, 0, 0)
shape = SubResource("CapsuleShape3D_0ma2c")

[node name="Physical Bone LowerLegR" type="PhysicalBone3D" parent="Armature/Skeleton3D/PhysicalBoneSimulator3D" index="12"]
transform = Transform3D(0.986472, 0.128102, 0.102287, -0.143472, 0.372841, 0.916736, 0.0792993, -0.919009, 0.386176, -0.192553, 0.292296, -0.136454)
collision_layer = 0
joint_type = 3
joint_offset = Transform3D(-3.61999e-06, 0, 1, 0, 1, 0, -1, 0, -3.61999e-06, 0.0207452, -0.12601, 0.28869)
joint_rotation = Vector3(0, 1.5708, 0)
body_offset = Transform3D(0.963289, -0.207757, 0.170035, 0.1985, 0.124746, -0.972129, 0.180756, 0.970193, 0.161407, -0.0952505, 0.292245, 0.0719081)
mass = 4.0
bone_name = "LowerLeg.R"
joint_constraints/angular_limit_enabled = true
joint_constraints/angular_limit_upper = 40.0
joint_constraints/angular_limit_lower = -40.0
joint_constraints/angular_limit_bias = 0.3
joint_constraints/angular_limit_softness = 0.5
joint_constraints/angular_limit_relaxation = 1.0

[node name="CollisionShape3D" type="CollisionShape3D" parent="Armature/Skeleton3D/PhysicalBoneSimulator3D/Physical Bone LowerLegR" index="0"]
transform = Transform3D(1, 0, 0, 0, 0, 1, 0, -1, 0, 0, 0, 0)
shape = SubResource("CapsuleShape3D_wwdah")

[node name="AnimationTree" type="AnimationTree" parent="." index="2"]
root_motion_track = NodePath("Armature/Skeleton3D:Root")
tree_root = SubResource("AnimationNodeBlendTree_6eh6y")
anim_player = NodePath("../AnimationPlayer")
parameters/attack/active = false
parameters/attack/internal_active = false
parameters/attack/request = 0
parameters/hurt/active = false
parameters/hurt/internal_active = false
parameters/hurt/request = 0
parameters/move/blend_position = 0.497158
parameters/move_speed/scale = 1.0

[node name="RootMotionView" type="RootMotionView" parent="AnimationTree" index="0"]
animation_path = NodePath("..")
