[gd_scene load_steps=23 format=3 uid="uid://viupvwuisje3"]

[ext_resource type="PackedScene" uid="uid://dkyoc15f0fiee" path="res://assets/models/ZombieModel.blend" id="1_wsohq"]
[ext_resource type="Script" path="res://scenes/zombie/ZombieModel.gd" id="2_xtch6"]

[sub_resource type="BoxShape3D" id="BoxShape3D_7jh75"]
size = Vector3(0.225217, 0.156215, 0.21866)

[sub_resource type="CapsuleShape3D" id="CapsuleShape3D_0e4o6"]
radius = 0.00956078
height = 0.0956078

[sub_resource type="BoxShape3D" id="BoxShape3D_7k8cc"]
size = Vector3(0.182053, 0.169014, 0.244418)

[sub_resource type="CapsuleShape3D" id="CapsuleShape3D_ynqnb"]
radius = 0.0291985
height = 0.291985

[sub_resource type="CapsuleShape3D" id="CapsuleShape3D_vinoo"]
radius = 0.0233692
height = 0.233692

[sub_resource type="CapsuleShape3D" id="CapsuleShape3D_rn626"]
radius = 0.0291985
height = 0.291985

[sub_resource type="CapsuleShape3D" id="CapsuleShape3D_2pnhr"]
radius = 0.0233692
height = 0.233692

[sub_resource type="CapsuleShape3D" id="CapsuleShape3D_q7ogx"]
radius = 0.0504686
height = 0.504686

[sub_resource type="CapsuleShape3D" id="CapsuleShape3D_jftc3"]
radius = 0.047316
height = 0.47316

[sub_resource type="CapsuleShape3D" id="CapsuleShape3D_0ma2c"]
radius = 0.0504686
height = 0.504686

[sub_resource type="CapsuleShape3D" id="CapsuleShape3D_wwdah"]
radius = 0.047316
height = 0.47316

[sub_resource type="AnimationNodeAnimation" id="AnimationNodeAnimation_rjdaf"]
animation = &"Hurt"

[sub_resource type="AnimationNodeAnimation" id="AnimationNodeAnimation_t1aj4"]
animation = &"Attack"

[sub_resource type="AnimationNodeOneShot" id="AnimationNodeOneShot_58yvf"]

[sub_resource type="AnimationNodeOneShot" id="AnimationNodeOneShot_56byj"]

[sub_resource type="AnimationNodeAnimation" id="AnimationNodeAnimation_u20so"]
animation = &"Idle"

[sub_resource type="AnimationNodeAnimation" id="AnimationNodeAnimation_qxu10"]
animation = &"Move-85"

[sub_resource type="AnimationNodeBlendSpace1D" id="AnimationNodeBlendSpace1D_x210g"]
blend_point_0/node = SubResource("AnimationNodeAnimation_u20so")
blend_point_0/pos = 0.0
blend_point_1/node = SubResource("AnimationNodeAnimation_qxu10")
blend_point_1/pos = 0.85
min_space = 0.0
max_space = 0.85
snap = 0.05

[sub_resource type="AnimationNodeTimeScale" id="AnimationNodeTimeScale_illsv"]

[sub_resource type="AnimationNodeBlendTree" id="AnimationNodeBlendTree_6eh6y"]
graph_offset = Vector2(-42.3636, -33.0909)
nodes/Animation/node = SubResource("AnimationNodeAnimation_t1aj4")
nodes/Animation/position = Vector2(-40, 253.333)
"nodes/Animation 2/node" = SubResource("AnimationNodeAnimation_rjdaf")
"nodes/Animation 2/position" = Vector2(213.333, 320)
nodes/attack/node = SubResource("AnimationNodeOneShot_58yvf")
nodes/attack/position = Vector2(160, 80)
nodes/hurt/node = SubResource("AnimationNodeOneShot_56byj")
nodes/hurt/position = Vector2(413.092, 83.3333)
nodes/move/node = SubResource("AnimationNodeBlendSpace1D_x210g")
nodes/move/position = Vector2(-200, 40)
nodes/move_speed/node = SubResource("AnimationNodeTimeScale_illsv")
nodes/move_speed/position = Vector2(0, 53.3333)
nodes/output/position = Vector2(600, 146.667)
node_connections = [&"attack", 0, &"move_speed", &"attack", 1, &"Animation", &"hurt", 0, &"attack", &"hurt", 1, &"Animation 2", &"move_speed", 0, &"move", &"output", 0, &"hurt"]

[node name="ZombieModel" instance=ExtResource("1_wsohq")]
script = ExtResource("2_xtch6")

[node name="Armature" parent="." index="0"]
transform = Transform3D(0.946083, -0.0069832, -0.323849, -0.0587002, 0.979519, -0.192607, 0.318561, 0.201232, 0.926297, 0.0129904, -0.0876729, -0.22454)

[node name="Skeleton3D" parent="Armature" index="0"]
bones/0/rotation = Quaternion(2.18557e-08, 2.54434e-18, -4.01389e-18, 1)
bones/2/rotation = Quaternion(0.0503764, -0.00891847, 0.0120133, 0.998618)
bones/3/rotation = Quaternion(0.0911344, -0.0164577, 0.0280474, 0.995308)
bones/4/rotation = Quaternion(0.0149895, 0.0138266, -0.011453, 0.999727)
bones/4/scale = Vector3(1, 1, 1)
bones/5/rotation = Quaternion(-0.0568426, 0.0137163, -0.011585, 0.998222)
bones/6/rotation = Quaternion(-0.0257294, 0.0140704, -0.0111521, 0.999508)
bones/8/rotation = Quaternion(-0.495187, -0.495187, -0.504767, 0.504768)
bones/8/scale = Vector3(1, 1, 1)
bones/10/rotation = Quaternion(0.964658, 0.216072, 0.115828, 0.0966029)
bones/10/scale = Vector3(1, 1, 1)
bones/11/rotation = Quaternion(-0.67065, -0.00518887, 0.000301094, 0.741756)
bones/11/scale = Vector3(1, 1, 1)
bones/12/rotation = Quaternion(0.0308646, 0.449926, -0.232303, 0.861771)
bones/12/scale = Vector3(1, 1, 1)
bones/13/rotation = Quaternion(-0.0183781, -0.139965, -0.00672595, 0.989963)
bones/13/scale = Vector3(1, 1, 1)
bones/15/rotation = Quaternion(-0.124423, -0.125842, 0.0533253, 0.982771)
bones/17/rotation = Quaternion(-0.229508, -0.355229, 0.172433, 0.88961)
bones/17/scale = Vector3(1, 1, 1)
bones/19/scale = Vector3(1, 1, 1)
bones/21/rotation = Quaternion(0.917485, 0.271256, 0.276504, -0.0904849)
bones/21/scale = Vector3(1, 1, 1)
bones/23/rotation = Quaternion(-0.495187, 0.495187, 0.504767, 0.504768)
bones/23/scale = Vector3(1, 1, 1)
bones/25/rotation = Quaternion(0.964872, -0.146594, -0.147411, 0.160628)
bones/26/rotation = Quaternion(-0.696303, 0.00502078, -0.000312613, 0.71773)
bones/26/scale = Vector3(1, 1, 1)
bones/27/rotation = Quaternion(0.0676412, 0.0587941, 0.994835, 0.0476664)
bones/27/scale = Vector3(1, 1, 1)
bones/28/rotation = Quaternion(-0.381265, -0.0039006, -0.905593, 0.185804)
bones/30/rotation = Quaternion(-0.921033, -0.131291, 0.36656, -0.00974952)
bones/32/rotation = Quaternion(-0.888908, 0.216531, 0.172369, 0.365028)
bones/32/scale = Vector3(1, 1, 1)
bones/33/rotation = Quaternion(2.98023e-08, 1.03377e-07, -2.77651e-08, 1)
bones/34/scale = Vector3(1, 1, 1)
bones/36/rotation = Quaternion(0.917485, -0.271256, -0.276504, -0.0904849)
bones/38/rotation = Quaternion(0.90788, 0.172287, -0.145243, 0.353518)
bones/39/rotation = Quaternion(0.403667, -0.0495446, -0.0361625, 0.912848)
bones/40/rotation = Quaternion(-0.703856, -0.122208, 0.134183, 0.686765)
bones/42/rotation = Quaternion(0.942459, -0.108542, 0.134405, 0.286227)
bones/43/rotation = Quaternion(0.38419, 0.0643457, 0.0377998, 0.920233)
bones/44/rotation = Quaternion(-0.730111, 0.109161, -0.120815, 0.663646)
bones/46/rotation = Quaternion(5.33851e-08, 0.707107, 0.707107, -8.43216e-09)
bones/48/rotation = Quaternion(5.33851e-08, 0.707107, 0.707107, -8.43216e-09)
bones/50/rotation = Quaternion(0.768795, 5.5649e-09, 3.89921e-09, 0.639496)
bones/52/rotation = Quaternion(0.768795, 5.5649e-09, 3.89921e-09, 0.639496)

[node name="PhysicalBoneSimulator3D" type="PhysicalBoneSimulator3D" parent="Armature/Skeleton3D" index="5"]

[node name="Physical Bone Hips" type="PhysicalBone3D" parent="Armature/Skeleton3D/PhysicalBoneSimulator3D" index="0"]
transform = Transform3D(0.867619, -0.49723, 1.31205e-05, 3.01152e-05, 2.61366e-05, -1, 0.497229, 0.867618, 3.75211e-05, 2.34693e-07, 1.06874, -2.65688e-05)
collision_layer = 0
joint_type = 3
joint_offset = Transform3D(-3.61999e-06, 0, 1, 0, 1, 0, -1, 0, -3.61999e-06, 1.06479e-05, 2.1142e-05, 0.0792375)
joint_rotation = Vector3(0, 1.5708, 0)
body_offset = Transform3D(0.867619, -0.497229, 1.31652e-05, 3.01301e-05, 2.61515e-05, -1, 0.497229, 0.867618, 3.77446e-05, 2.30968e-07, 0.0792375, -2.66284e-05)
mass = 4.0
bone_name = "Hips"
joint_constraints/angular_limit_enabled = true
joint_constraints/angular_limit_upper = 40.0
joint_constraints/angular_limit_lower = -40.0
joint_constraints/angular_limit_bias = 0.3
joint_constraints/angular_limit_softness = 0.5
joint_constraints/angular_limit_relaxation = 1.0

[node name="CollisionShape3D" type="CollisionShape3D" parent="Armature/Skeleton3D/PhysicalBoneSimulator3D/Physical Bone Hips" index="0"]
transform = Transform3D(1, 0, 0, 0, 0, 1, 0, -1, 0, 0, 0, 0)
shape = SubResource("BoxShape3D_7jh75")

[node name="Physical Bone Torso" type="PhysicalBone3D" parent="Armature/Skeleton3D/PhysicalBoneSimulator3D" index="1"]
transform = Transform3D(0.998739, -0.0195633, -0.0462285, -0.0461541, 0.00423969, -0.998925, 0.0197381, 0.999799, 0.00333129, 0.00189295, 1.23039, -0.000170782)
collision_layer = 0
joint_type = 3
joint_offset = Transform3D(-3.61999e-06, 0, 1, 0, 1, 0, -1, 0, -3.61999e-06, -1.80971e-07, 3.45008e-05, 0.0409291)
joint_rotation = Vector3(0, 1.5708, 0)
body_offset = Transform3D(0.997602, -0.000437737, -0.0692144, -0.0687854, 0.105083, -0.992082, 0.00770733, 0.994462, 0.104801, 0.00283308, 0.0406014, -0.00432372)
mass = 4.0
bone_name = "Torso"
joint_constraints/angular_limit_enabled = true
joint_constraints/angular_limit_upper = 40.0
joint_constraints/angular_limit_lower = -40.0
joint_constraints/angular_limit_bias = 0.3
joint_constraints/angular_limit_softness = 0.5
joint_constraints/angular_limit_relaxation = 1.0

[node name="CollisionShape3D" type="CollisionShape3D" parent="Armature/Skeleton3D/PhysicalBoneSimulator3D/Physical Bone Torso" index="0"]
transform = Transform3D(1, 0, 0.000274688, -0.000274688, 0, 1, 0, -1, 0, 0, 0, -0.0435207)
shape = SubResource("BoxShape3D_7jh75")

[node name="Physical Bone Chest" type="PhysicalBone3D" parent="Armature/Skeleton3D/PhysicalBoneSimulator3D" index="2"]
transform = Transform3D(0.990225, -0.0395413, -0.133754, -0.132632, 0.0297765, -0.990718, 0.0431569, 0.998773, 0.0242409, 0.0239932, 1.44546, -0.00388654)
collision_layer = 0
joint_type = 3
joint_offset = Transform3D(-3.61999e-06, 0, 1, 0, 1, 0, -1, 0, -3.61999e-06, -0.00853882, 0.0134534, 0.135288)
joint_rotation = Vector3(0, 1.5708, 0)
body_offset = Transform3D(0.978918, 0.0246596, -0.202759, -0.200371, 0.308566, -0.929859, 0.0396345, 0.950882, 0.307003, 0.035458, 0.119937, -0.0539881)
mass = 4.0
bone_name = "Chest"
joint_constraints/angular_limit_enabled = true
joint_constraints/angular_limit_upper = 40.0
joint_constraints/angular_limit_lower = -40.0
joint_constraints/angular_limit_bias = 0.3
joint_constraints/angular_limit_softness = 0.5
joint_constraints/angular_limit_relaxation = 1.0

[node name="CollisionShape3D" type="CollisionShape3D" parent="Armature/Skeleton3D/PhysicalBoneSimulator3D/Physical Bone Chest" index="0"]
transform = Transform3D(1, -9.99455e-08, 5.21502e-06, -5.21386e-06, 3.1665e-08, 1, -9.99233e-08, -1, 7.45058e-09, -1.54909e-08, 0.00107254, -0.055963)
shape = SubResource("BoxShape3D_7jh75")

[node name="Physical Bone Neck" type="PhysicalBone3D" parent="Armature/Skeleton3D/PhysicalBoneSimulator3D" index="3"]
transform = Transform3D(0.987564, -0.00316158, -0.157184, -0.156883, 0.0452157, -0.986581, 0.0102262, 0.998971, 0.0441573, 0.0467894, 1.63449, -0.0115914)
collision_layer = 0
joint_type = 3
joint_offset = Transform3D(-3.61999e-06, 0, 1, 0, 1, 0, -1, 0, -3.61999e-06, -0.0707834, 0.109131, 0.0408435)
joint_rotation = Vector3(0, 1.5708, 0)
body_offset = Transform3D(0.976669, 0.0282972, -0.212879, -0.209189, 0.349508, -0.913282, 0.0485597, 0.936505, 0.347273, 0.0747386, -0.0156475, -0.112948)
mass = 4.0
bone_name = "Neck"
joint_constraints/angular_limit_enabled = true
joint_constraints/angular_limit_upper = 40.0
joint_constraints/angular_limit_lower = -40.0
joint_constraints/angular_limit_bias = 0.3
joint_constraints/angular_limit_softness = 0.5
joint_constraints/angular_limit_relaxation = 1.0

[node name="CollisionShape3D" type="CollisionShape3D" parent="Armature/Skeleton3D/PhysicalBoneSimulator3D/Physical Bone Neck" index="0"]
transform = Transform3D(1, 0, 0, 0, 0, 1, 0, -1, 0, 0, 0, 0)
shape = SubResource("CapsuleShape3D_0e4o6")

[node name="Physical Bone Head" type="PhysicalBone3D" parent="Armature/Skeleton3D/PhysicalBoneSimulator3D" index="4"]
transform = Transform3D(-0.982772, 0.171582, -0.0687016, 0.183722, 0.947452, -0.261877, 0.0201583, -0.269987, -0.962652, 0.0681628, 1.78495, -0.0615973)
collision_layer = 0
joint_type = 3
joint_offset = Transform3D(-3.61999e-06, 0, 1, 0, 1, 0, -1, 0, -3.61999e-06, 0.0907779, -0.148535, -0.153215)
joint_rotation = Vector3(0, 1.5708, 0)
body_offset = Transform3D(-0.974113, 0.212761, -0.0763986, 0.224319, 0.867844, -0.443314, -0.0280179, -0.448976, -0.893103, 0.108325, 0.0406197, -0.200982)
mass = 4.0
bone_name = "Head"
joint_constraints/angular_limit_enabled = true
joint_constraints/angular_limit_upper = 40.0
joint_constraints/angular_limit_lower = -40.0
joint_constraints/angular_limit_bias = 0.3
joint_constraints/angular_limit_softness = 0.5
joint_constraints/angular_limit_relaxation = 1.0

[node name="CollisionShape3D" type="CollisionShape3D" parent="Armature/Skeleton3D/PhysicalBoneSimulator3D/Physical Bone Head" index="0"]
transform = Transform3D(1, -1.09139e-11, 8.18545e-12, -7.95808e-12, 1.86265e-07, 1, -1.16415e-10, -0.999997, 0, -5.80593e-07, -0.00100958, -0.0154744)
shape = SubResource("BoxShape3D_7k8cc")

[node name="Physical Bone UpperArmL" type="PhysicalBone3D" parent="Armature/Skeleton3D/PhysicalBoneSimulator3D" index="5"]
transform = Transform3D(0.867143, -0.301147, -0.396704, 0.481932, 0.306285, 0.820933, -0.125717, -0.90305, 0.410725, 0.252481, 1.39721, -0.0793019)
collision_layer = 0
joint_type = 3
joint_offset = Transform3D(-3.61999e-06, 0, 1, 0, 1, 0, -1, 0, -3.61999e-06, -0.0215426, -0.0905087, 0.191362)
joint_rotation = Vector3(0, 1.5708, 0)
body_offset = Transform3D(0.884754, -0.434203, 0.169347, -0.0297044, -0.415158, -0.909264, 0.465111, 0.799444, -0.38021, -0.0526458, 0.135783, 0.155134)
mass = 4.0
bone_name = "UpperArm.L"
joint_constraints/angular_limit_enabled = true
joint_constraints/angular_limit_upper = 40.0
joint_constraints/angular_limit_lower = -40.0
joint_constraints/angular_limit_bias = 0.3
joint_constraints/angular_limit_softness = 0.5
joint_constraints/angular_limit_relaxation = 1.0

[node name="CollisionShape3D" type="CollisionShape3D" parent="Armature/Skeleton3D/PhysicalBoneSimulator3D/Physical Bone UpperArmL" index="0"]
transform = Transform3D(1, 0, 0, 0, 0, 1, 0, -1, 0, 0, 0, 0)
shape = SubResource("CapsuleShape3D_ynqnb")

[node name="Physical Bone LowerArmL" type="PhysicalBone3D" parent="Armature/Skeleton3D/PhysicalBoneSimulator3D" index="6"]
transform = Transform3D(0.975503, 0.214324, -0.0495833, 0.186365, -0.924908, -0.33138, -0.116883, 0.314022, -0.942193, 0.377347, 1.15494, 0.025326)
collision_layer = 0
joint_type = 3
joint_offset = Transform3D(-3.61999e-06, 0, 1, 0, 1, 0, -1, 0, -3.61999e-06, -0.0444742, -0.087937, -0.087393)
joint_rotation = Vector3(0, 1.5708, 0)
body_offset = Transform3D(0.855352, -0.107735, -0.506721, -0.408242, 0.461986, -0.78734, 0.318922, 0.880319, 0.351179, -0.0157167, -0.0463386, 0.122287)
mass = 4.0
bone_name = "LowerArm.L"
joint_constraints/angular_limit_enabled = true
joint_constraints/angular_limit_upper = 40.0
joint_constraints/angular_limit_lower = -40.0
joint_constraints/angular_limit_bias = 0.3
joint_constraints/angular_limit_softness = 0.5
joint_constraints/angular_limit_relaxation = 1.0

[node name="CollisionShape3D" type="CollisionShape3D" parent="Armature/Skeleton3D/PhysicalBoneSimulator3D/Physical Bone LowerArmL" index="0"]
transform = Transform3D(1, 0, 0, 0, 0, 1, 0, -1, 0, 0, 0, 0)
shape = SubResource("CapsuleShape3D_vinoo")

[node name="Physical Bone UpperArmR" type="PhysicalBone3D" parent="Armature/Skeleton3D/PhysicalBoneSimulator3D" index="7"]
transform = Transform3D(0.925759, 0.0250993, 0.377279, -0.374881, 0.191119, 0.907159, -0.0493362, -0.981245, 0.186339, -0.221479, 1.41378, -0.00679213)
collision_layer = 0
joint_type = 3
joint_offset = Transform3D(-3.61999e-06, 0, 1, 0, 1, 0, -1, 0, -3.61999e-06, -0.0344685, -0.0499312, 0.0765145)
joint_rotation = Vector3(0, 1.5708, 0)
body_offset = Transform3D(0.958787, 0.246216, 0.141791, 0.207102, -0.263975, -0.942033, -0.194515, 0.932573, -0.304088, 0.0344927, 0.0660371, 0.063127)
mass = 4.0
bone_name = "UpperArm.R"
joint_constraints/angular_limit_enabled = true
joint_constraints/angular_limit_upper = 40.0
joint_constraints/angular_limit_lower = -40.0
joint_constraints/angular_limit_bias = 0.3
joint_constraints/angular_limit_softness = 0.5
joint_constraints/angular_limit_relaxation = 1.0

[node name="CollisionShape3D" type="CollisionShape3D" parent="Armature/Skeleton3D/PhysicalBoneSimulator3D/Physical Bone UpperArmR" index="0"]
transform = Transform3D(1, 0, 0, 0, 0, 1, 0, -1, 0, 0, 0, 0)
shape = SubResource("CapsuleShape3D_rn626")

[node name="Physical Bone LowerArmR" type="PhysicalBone3D" parent="Armature/Skeleton3D/PhysicalBoneSimulator3D" index="8"]
transform = Transform3D(0.996199, -0.0674087, 0.0551801, -0.0797943, -0.960239, 0.267532, 0.034952, -0.270918, -0.961967, -0.313217, 1.10026, 0.0737969)
collision_layer = 0
joint_type = 3
joint_offset = Transform3D(-3.61999e-06, 0, 1, 0, 1, 0, -1, 0, -3.61999e-06, 0.0298417, -0.0995406, 0.0231329)
joint_rotation = Vector3(0, 1.5708, 0)
body_offset = Transform3D(0.951824, 0.174679, 0.252027, 0.292974, -0.275377, -0.915605, -0.0905349, 0.945333, -0.313287, -0.0168465, -0.0149734, 0.104048)
mass = 4.0
bone_name = "LowerArm.R"
joint_constraints/angular_limit_enabled = true
joint_constraints/angular_limit_upper = 40.0
joint_constraints/angular_limit_lower = -40.0
joint_constraints/angular_limit_bias = 0.3
joint_constraints/angular_limit_softness = 0.5
joint_constraints/angular_limit_relaxation = 1.0

[node name="CollisionShape3D" type="CollisionShape3D" parent="Armature/Skeleton3D/PhysicalBoneSimulator3D/Physical Bone LowerArmR" index="0"]
transform = Transform3D(1, 0, 0, 0, 0, 1, 0, -1, 0, 0, 0, 0)
shape = SubResource("CapsuleShape3D_2pnhr")

[node name="Physical Bone UpperLegL" type="PhysicalBone3D" parent="Armature/Skeleton3D/PhysicalBoneSimulator3D" index="9"]
transform = Transform3D(0.982009, 0.0983385, -0.161205, 0.179635, -0.749677, 0.636957, -0.0582145, -0.654456, -0.753855, 0.178106, 0.864328, 0.269116)
collision_layer = 0
joint_type = 3
joint_offset = Transform3D(-3.61999e-06, 0, 1, 0, 1, 0, -1, 0, -3.61999e-06, 0.0224654, 0.0702528, 0.294262)
joint_rotation = Vector3(0, 1.5708, 0)
body_offset = Transform3D(0.942472, 0.183133, 0.279657, 0.249523, 0.171308, -0.953095, -0.222451, 0.968047, 0.115756, -0.116331, 0.262819, -0.0970731)
mass = 4.0
bone_name = "UpperLeg.L"
joint_constraints/angular_limit_enabled = true
joint_constraints/angular_limit_upper = 40.0
joint_constraints/angular_limit_lower = -40.0
joint_constraints/angular_limit_bias = 0.3
joint_constraints/angular_limit_softness = 0.5
joint_constraints/angular_limit_relaxation = 1.0

[node name="CollisionShape3D" type="CollisionShape3D" parent="Armature/Skeleton3D/PhysicalBoneSimulator3D/Physical Bone UpperLegL" index="0"]
transform = Transform3D(1, 0, 0, 0, 0, 1, 0, -1, 0, 0, 0, 0)
shape = SubResource("CapsuleShape3D_q7ogx")

[node name="Physical Bone LowerLegL" type="PhysicalBone3D" parent="Armature/Skeleton3D/PhysicalBoneSimulator3D" index="10"]
transform = Transform3D(0.972961, -0.226167, 0.0468485, -0.0591504, -0.0479222, 0.997098, -0.223266, -0.972908, -0.0600041, 0.251614, 0.424036, 0.511554)
collision_layer = 0
joint_type = 3
joint_offset = Transform3D(-3.61999e-06, 0, 1, 0, 1, 0, -1, 0, -3.61999e-06, 0.148438, 0.169411, 0.248134)
joint_rotation = Vector3(0, 1.5708, 0)
body_offset = Transform3D(0.911212, 0.274297, 0.307333, 0.279937, 0.135005, -0.950478, -0.302205, 0.95212, 0.0462319, -0.257987, 0.171421, -0.127913)
mass = 4.0
bone_name = "LowerLeg.L"
joint_constraints/angular_limit_enabled = true
joint_constraints/angular_limit_upper = 40.0
joint_constraints/angular_limit_lower = -40.0
joint_constraints/angular_limit_bias = 0.3
joint_constraints/angular_limit_softness = 0.5
joint_constraints/angular_limit_relaxation = 1.0

[node name="CollisionShape3D" type="CollisionShape3D" parent="Armature/Skeleton3D/PhysicalBoneSimulator3D/Physical Bone LowerLegL" index="0"]
transform = Transform3D(1, 0, 0, 0, 0, 1, 0, -1, 0, 0, 0, 0)
shape = SubResource("CapsuleShape3D_jftc3")

[node name="Physical Bone UpperLegR" type="PhysicalBone3D" parent="Armature/Skeleton3D/PhysicalBoneSimulator3D" index="11"]
transform = Transform3D(0.996042, 0.0429187, 0.0778353, -0.0740657, -0.0833517, 0.993764, 0.0491385, -0.995595, -0.0798428, -0.1562, 0.726716, -0.0573521)
collision_layer = 0
joint_type = 3
joint_offset = Transform3D(-3.61999e-06, 0, 1, 0, 1, 0, -1, 0, -3.61999e-06, -0.0210802, -0.0802865, 0.269842)
joint_rotation = Vector3(0, 1.5708, 0)
body_offset = Transform3D(0.961543, -0.263091, -0.0788552, -0.195157, -0.452441, -0.870178, 0.193259, 0.852102, -0.486387, 0.0204253, 0.194372, 0.203734)
mass = 4.0
bone_name = "UpperLeg.R"
joint_constraints/angular_limit_enabled = true
joint_constraints/angular_limit_upper = 40.0
joint_constraints/angular_limit_lower = -40.0
joint_constraints/angular_limit_bias = 0.3
joint_constraints/angular_limit_softness = 0.5
joint_constraints/angular_limit_relaxation = 1.0

[node name="CollisionShape3D" type="CollisionShape3D" parent="Armature/Skeleton3D/PhysicalBoneSimulator3D/Physical Bone UpperLegR" index="0"]
transform = Transform3D(1, 0, 0, 0, 0, 1, 0, -1, 0, 0, 0, 0)
shape = SubResource("CapsuleShape3D_0ma2c")

[node name="Physical Bone LowerLegR" type="PhysicalBone3D" parent="Armature/Skeleton3D/PhysicalBoneSimulator3D" index="12"]
transform = Transform3D(0.986471, 0.128111, 0.102287, -0.143475, 0.372825, 0.916742, 0.0793095, -0.919015, 0.386161, -0.192556, 0.292311, -0.136461)
collision_layer = 0
joint_type = 3
joint_offset = Transform3D(-3.61999e-06, 0, 1, 0, 1, 0, -1, 0, -3.61999e-06, -0.119587, -0.263982, 0.41667)
joint_rotation = Vector3(0, 1.5708, 0)
body_offset = Transform3D(0.927266, -0.359757, 0.103692, 0.0429654, -0.172877, -0.984006, 0.37193, 0.916889, -0.144845, -0.0272856, 0.369507, 0.346873)
mass = 4.0
bone_name = "LowerLeg.R"
joint_constraints/angular_limit_enabled = true
joint_constraints/angular_limit_upper = 40.0
joint_constraints/angular_limit_lower = -40.0
joint_constraints/angular_limit_bias = 0.3
joint_constraints/angular_limit_softness = 0.5
joint_constraints/angular_limit_relaxation = 1.0

[node name="CollisionShape3D" type="CollisionShape3D" parent="Armature/Skeleton3D/PhysicalBoneSimulator3D/Physical Bone LowerLegR" index="0"]
transform = Transform3D(1, 0, 0, 0, 0, 1, 0, -1, 0, 0, 0, 0)
shape = SubResource("CapsuleShape3D_wwdah")

[node name="AnimationTree" type="AnimationTree" parent="." index="2"]
root_motion_track = NodePath("Armature/Skeleton3D:Root")
tree_root = SubResource("AnimationNodeBlendTree_6eh6y")
anim_player = NodePath("../AnimationPlayer")
parameters/attack/active = false
parameters/attack/internal_active = false
parameters/attack/request = 0
parameters/hurt/active = false
parameters/hurt/internal_active = false
parameters/hurt/request = 0
parameters/move/blend_position = 0.497158
parameters/move_speed/scale = 1.0

[node name="RootMotionView" type="RootMotionView" parent="AnimationTree" index="0"]
animation_path = NodePath("..")
