[gd_scene load_steps=55 format=3 uid="uid://c3cmp5mnn2g8t"]

[ext_resource type="PackedScene" uid="uid://dyskch00jmokt" path="res://assets/models/Skeleton.blend" id="1_rga2v"]
[ext_resource type="Script" path="res://scenes/HitBox.gd" id="2_7hv24"]
[ext_resource type="Script" path="res://scenes/player/PlayerModel.gd" id="2_mh1q6"]

[sub_resource type="CylinderShape3D" id="CylinderShape3D_hqpw5"]
height = 0.2182
radius = 0.183913

[sub_resource type="CylinderShape3D" id="CylinderShape3D_6xbtj"]
height = 0.42071
radius = 0.169488

[sub_resource type="CylinderShape3D" id="CylinderShape3D_v5vfk"]
height = 0.3
radius = 0.1

[sub_resource type="CylinderShape3D" id="CylinderShape3D_bpyyy"]
height = 0.3
radius = 0.0501349

[sub_resource type="CylinderShape3D" id="CylinderShape3D_7gvem"]
height = 0.3
radius = 0.0501349

[sub_resource type="CylinderShape3D" id="CylinderShape3D_61vgn"]
height = 0.46831
radius = 0.0600968

[sub_resource type="CapsuleShape3D" id="CapsuleShape3D_sebk8"]
radius = 0.02
height = 0.2

[sub_resource type="CapsuleShape3D" id="CapsuleShape3D_vevma"]
radius = 0.0124118
height = 0.124118

[sub_resource type="CapsuleShape3D" id="CapsuleShape3D_qhdic"]
radius = 0.0310633
height = 0.310633

[sub_resource type="CapsuleShape3D" id="CapsuleShape3D_ervq6"]
radius = 0.00956078
height = 0.0956078

[sub_resource type="CapsuleShape3D" id="CapsuleShape3D_3x021"]
radius = 0.0160336
height = 0.160336

[sub_resource type="CapsuleShape3D" id="CapsuleShape3D_vxh5s"]
radius = 0.0291985
height = 0.291985

[sub_resource type="CapsuleShape3D" id="CapsuleShape3D_2qlh3"]
radius = 0.0233692
height = 0.233692

[sub_resource type="CapsuleShape3D" id="CapsuleShape3D_v3l8k"]
radius = 0.0105315
height = 0.105315

[sub_resource type="CapsuleShape3D" id="CapsuleShape3D_k1yf1"]
radius = 0.0291985
height = 0.291985

[sub_resource type="CapsuleShape3D" id="CapsuleShape3D_nru1w"]
radius = 0.0233692
height = 0.233692

[sub_resource type="CapsuleShape3D" id="CapsuleShape3D_5qpgk"]
radius = 0.0105315
height = 0.105315

[sub_resource type="CapsuleShape3D" id="CapsuleShape3D_ek11x"]
radius = 0.0504686
height = 0.504686

[sub_resource type="CapsuleShape3D" id="CapsuleShape3D_ojek7"]
radius = 0.047316
height = 0.47316

[sub_resource type="CapsuleShape3D" id="CapsuleShape3D_bnhys"]
radius = 0.0504686
height = 0.504686

[sub_resource type="CapsuleShape3D" id="CapsuleShape3D_6edrg"]
radius = 0.047316
height = 0.47316

[sub_resource type="AnimationNodeAnimation" id="AnimationNodeAnimation_ofl68"]
animation = &"LookDown"

[sub_resource type="AnimationNodeAnimation" id="AnimationNodeAnimation_at1g7"]
animation = &"Block"

[sub_resource type="AnimationNodeAnimation" id="AnimationNodeAnimation_jgtd2"]
animation = &"MeleeHack"

[sub_resource type="AnimationNodeAnimation" id="AnimationNodeAnimation_06ts3"]
animation = &"Flinch"

[sub_resource type="AnimationNodeAnimation" id="AnimationNodeAnimation_l7m2l"]
animation = &"Equip"

[sub_resource type="AnimationNodeAnimation" id="AnimationNodeAnimation_kulyc"]
animation = &"LookUp"

[sub_resource type="AnimationNodeBlend2" id="AnimationNodeBlend2_8x8kx"]
filters = ["Armature/Skeleton3D:LowerArm.L", "Armature/Skeleton3D:LowerArm.R", "Armature/Skeleton3D:LowerHand.R", "Armature/Skeleton3D:UpperArm.L", "Armature/Skeleton3D:UpperArm.R", "Armature/Skeleton3D:UpperHand.L", "Armature/Skeleton3D:UpperHand.R"]

[sub_resource type="AnimationNodeTimeSeek" id="AnimationNodeTimeSeek_3ohk6"]

[sub_resource type="AnimationNodeTimeScale" id="AnimationNodeTimeScale_gfoy1"]

[sub_resource type="AnimationNodeBlend2" id="AnimationNodeBlend2_qeuxs"]
filter_enabled = true
filters = ["Armature/Skeleton3D:LowerArm.L", "Armature/Skeleton3D:LowerArm.R", "Armature/Skeleton3D:LowerHand.L", "Armature/Skeleton3D:LowerHand.R", "Armature/Skeleton3D:UpperArm.L", "Armature/Skeleton3D:UpperArm.R", "Armature/Skeleton3D:UpperHand.L", "Armature/Skeleton3D:UpperHand.R"]

[sub_resource type="AnimationNodeBlend2" id="AnimationNodeBlend2_ikny3"]

[sub_resource type="AnimationNodeTimeSeek" id="AnimationNodeTimeSeek_x4nf4"]

[sub_resource type="AnimationNodeAdd2" id="AnimationNodeAdd2_ajon1"]
filter_enabled = true
filters = ["Armature/Skeleton3D:Chest"]

[sub_resource type="AnimationNodeAdd3" id="AnimationNodeAdd3_5xkqa"]
filter_enabled = true
filters = ["Armature/Skeleton3D:Chest"]

[sub_resource type="AnimationNodeAnimation" id="AnimationNodeAnimation_cpgjn"]
animation = &"MoveForward1"

[sub_resource type="AnimationNodeAnimation" id="AnimationNodeAnimation_duosb"]
animation = &"MoveBackward1"

[sub_resource type="AnimationNodeAnimation" id="AnimationNodeAnimation_a0kms"]
animation = &"MoveBackward3"

[sub_resource type="AnimationNodeAnimation" id="AnimationNodeAnimation_mv383"]
animation = &"MoveRight3"

[sub_resource type="AnimationNodeAnimation" id="AnimationNodeAnimation_2scqe"]
animation = &"MoveLeft3"

[sub_resource type="AnimationNodeAnimation" id="AnimationNodeAnimation_251t1"]
animation = &"MoveRight1"

[sub_resource type="AnimationNodeAnimation" id="AnimationNodeAnimation_be5m7"]
animation = &"MoveLeft1"

[sub_resource type="AnimationNodeAnimation" id="AnimationNodeAnimation_0y8n2"]
animation = &"Stand"

[sub_resource type="AnimationNodeAnimation" id="AnimationNodeAnimation_wp7e6"]
animation = &"MoveForward2"

[sub_resource type="AnimationNodeAnimation" id="AnimationNodeAnimation_h4rup"]
animation = &"MoveBackward2"

[sub_resource type="AnimationNodeAnimation" id="AnimationNodeAnimation_gkm4i"]
animation = &"MoveLeft2"

[sub_resource type="AnimationNodeAnimation" id="AnimationNodeAnimation_cpd8j"]
animation = &"MoveRight2"

[sub_resource type="AnimationNodeAnimation" id="AnimationNodeAnimation_uax1u"]
animation = &"MoveForward3"

[sub_resource type="AnimationNodeBlendSpace2D" id="AnimationNodeBlendSpace2D_fa6tf"]
blend_point_0/node = SubResource("AnimationNodeAnimation_cpgjn")
blend_point_0/pos = Vector2(0, 1)
blend_point_1/node = SubResource("AnimationNodeAnimation_duosb")
blend_point_1/pos = Vector2(0, -1)
blend_point_2/node = SubResource("AnimationNodeAnimation_251t1")
blend_point_2/pos = Vector2(1, 0)
blend_point_3/node = SubResource("AnimationNodeAnimation_be5m7")
blend_point_3/pos = Vector2(-1, 0)
blend_point_4/node = SubResource("AnimationNodeAnimation_0y8n2")
blend_point_4/pos = Vector2(0, 0)
blend_point_5/node = SubResource("AnimationNodeAnimation_wp7e6")
blend_point_5/pos = Vector2(0, 2)
blend_point_6/node = SubResource("AnimationNodeAnimation_h4rup")
blend_point_6/pos = Vector2(0, -2)
blend_point_7/node = SubResource("AnimationNodeAnimation_gkm4i")
blend_point_7/pos = Vector2(-2, 0)
blend_point_8/node = SubResource("AnimationNodeAnimation_cpd8j")
blend_point_8/pos = Vector2(2, 0)
blend_point_9/node = SubResource("AnimationNodeAnimation_uax1u")
blend_point_9/pos = Vector2(0, 3)
blend_point_10/node = SubResource("AnimationNodeAnimation_a0kms")
blend_point_10/pos = Vector2(0, -3)
blend_point_11/node = SubResource("AnimationNodeAnimation_mv383")
blend_point_11/pos = Vector2(3, 0)
blend_point_12/node = SubResource("AnimationNodeAnimation_2scqe")
blend_point_12/pos = Vector2(-3, 0)
min_space = Vector2(-3, -3)
max_space = Vector2(3, 3)
sync = true

[sub_resource type="AnimationNodeTimeScale" id="AnimationNodeTimeScale_5h7qr"]

[sub_resource type="AnimationNodeBlendTree" id="AnimationNodeBlendTree_67f4j"]
graph_offset = Vector2(-12, -134.667)
nodes/Animation/node = SubResource("AnimationNodeAnimation_kulyc")
nodes/Animation/position = Vector2(-13.3333, 213.333)
"nodes/Animation 2/node" = SubResource("AnimationNodeAnimation_ofl68")
"nodes/Animation 2/position" = Vector2(-26.6667, -93.3333)
"nodes/Animation 3/node" = SubResource("AnimationNodeAnimation_at1g7")
"nodes/Animation 3/position" = Vector2(146.667, 266.667)
"nodes/Animation 4/node" = SubResource("AnimationNodeAnimation_jgtd2")
"nodes/Animation 4/position" = Vector2(173.333, 386.667)
"nodes/Animation 6/node" = SubResource("AnimationNodeAnimation_06ts3")
"nodes/Animation 6/position" = Vector2(880, 253.333)
"nodes/Animation 7/node" = SubResource("AnimationNodeAnimation_l7m2l")
"nodes/Animation 7/position" = Vector2(506.667, 333.333)
nodes/attack_blend/node = SubResource("AnimationNodeBlend2_8x8kx")
nodes/attack_blend/position = Vector2(653.333, 26.6667)
nodes/attack_seek/node = SubResource("AnimationNodeTimeSeek_3ohk6")
nodes/attack_seek/position = Vector2(333.333, 280)
nodes/attack_speed/node = SubResource("AnimationNodeTimeScale_gfoy1")
nodes/attack_speed/position = Vector2(493.333, 173.333)
nodes/block_blend/node = SubResource("AnimationNodeBlend2_qeuxs")
nodes/block_blend/position = Vector2(340, 40)
nodes/equip_blend/node = SubResource("AnimationNodeBlend2_ikny3")
nodes/equip_blend/position = Vector2(853.333, 40)
nodes/equip_seek/node = SubResource("AnimationNodeTimeSeek_x4nf4")
nodes/equip_seek/position = Vector2(693.333, 240)
nodes/hurt/node = SubResource("AnimationNodeAdd2_ajon1")
nodes/hurt/position = Vector2(1080, 53.3333)
nodes/look_y/node = SubResource("AnimationNodeAdd3_5xkqa")
nodes/look_y/position = Vector2(160, 13.3333)
nodes/move/node = SubResource("AnimationNodeBlendSpace2D_fa6tf")
nodes/move/position = Vector2(-253.333, 40)
nodes/move_speed/node = SubResource("AnimationNodeTimeScale_5h7qr")
nodes/move_speed/position = Vector2(-40, 53.3333)
nodes/output/position = Vector2(1266.67, 66.6667)
node_connections = [&"output", 0, &"hurt", &"attack_blend", 0, &"block_blend", &"attack_blend", 1, &"attack_speed", &"attack_seek", 0, &"Animation 4", &"attack_speed", 0, &"attack_seek", &"block_blend", 0, &"look_y", &"block_blend", 1, &"Animation 3", &"equip_blend", 0, &"attack_blend", &"equip_blend", 1, &"equip_seek", &"equip_seek", 0, &"Animation 7", &"hurt", 0, &"equip_blend", &"hurt", 1, &"Animation 6", &"look_y", 0, &"Animation 2", &"look_y", 1, &"move_speed", &"look_y", 2, &"Animation", &"move_speed", 0, &"move"]

[node name="Skeleton" instance=ExtResource("1_rga2v")]
script = ExtResource("2_mh1q6")

[node name="Skeleton3D" parent="Armature" index="0"]
animate_physical_bones = false
bones/1/position = Vector3(0, 0.969506, 0)
bones/1/rotation = Quaternion(0, -0.258819, 0, 0.965926)
bones/2/rotation = Quaternion(0, 0.258819, 0, 0.965926)
bones/9/rotation = Quaternion(0.985329, 0.121201, 0.115932, 0.0315861)
bones/10/rotation = Quaternion(-0.689469, -0.00504596, -0.0655239, 0.721328)
bones/11/rotation = Quaternion(0.279391, 0.282353, 0.0162358, 0.917581)
bones/12/rotation = Quaternion(-0.0570474, -0.130592, 0.118748, 0.982644)
bones/16/rotation = Quaternion(0.971992, -0.182731, -0.0957596, 0.112565)
bones/17/rotation = Quaternion(-0.175753, 0.00688535, 0.0167028, 0.984268)
bones/18/rotation = Quaternion(-0.11621, -0.0886657, 0.136618, 0.97978)
bones/19/rotation = Quaternion(-0.311206, -0.165064, -0.643572, 0.6795)
bones/20/rotation = Quaternion(0.00461365, -0.289277, -0.0126539, 0.957151)
bones/22/rotation = Quaternion(0.95509, 0.0467233, -0.261512, 0.131272)
bones/23/rotation = Quaternion(0.158256, 7.08606e-09, -8.2432e-10, 0.987398)
bones/24/rotation = Quaternion(-0.654368, -0.00103598, 0.012353, 0.756074)
bones/25/rotation = Quaternion(0.967006, -0.00770181, -0.254061, 0.0171109)
bones/26/rotation = Quaternion(0.158256, 6.84118e-09, -6.50824e-10, 0.987398)
bones/27/rotation = Quaternion(-0.7434, 0.00185565, -0.0126955, 0.668725)

[node name="Camera_2" parent="Armature/Skeleton3D" index="0"]
transform = Transform3D(-1, -1.18044e-14, -3.25841e-07, -1.8652e-15, 1, -3.05032e-08, 3.25841e-07, -2.6778e-08, -1, -1.39876e-08, 1.81, 0.117712)
bone_idx = 7

[node name="RightHand" type="BoneAttachment3D" parent="Armature/Skeleton3D" index="2"]
transform = Transform3D(0.983143, 0.0548461, 0.174414, 0.050919, 0.83407, -0.549304, -0.1756, 0.548925, 0.817218, -0.360031, 1.00655, 0.281633)
bone_name = "HandHold.R"
bone_idx = 21

[node name="LeftHand" type="BoneAttachment3D" parent="Armature/Skeleton3D" index="3"]
transform = Transform3D(0.875216, -0.322606, -0.360447, 0.0788566, 0.830322, -0.551677, 0.477261, 0.454413, 0.752151, 0.222345, 1.17608, 0.325508)
bone_name = "HandHold.L"
bone_idx = 14

[node name="Torso" type="BoneAttachment3D" parent="Armature/Skeleton3D" index="4"]
transform = Transform3D(1, 0, 0, 0, 1, 0, 0, 0, 1, 0, 1.16951, 0)
bone_name = "Torso"
bone_idx = 2

[node name="Hitbox" type="Area3D" parent="Armature/Skeleton3D/Torso" index="0"]
script = ExtResource("2_7hv24")

[node name="CollisionShape3D" type="CollisionShape3D" parent="Armature/Skeleton3D/Torso/Hitbox" index="0"]
transform = Transform3D(1, 0, 0, 0, 1, 0, 0, 0, 1, 0, -0.108184, 0)
shape = SubResource("CylinderShape3D_hqpw5")

[node name="Chest" type="BoneAttachment3D" parent="Armature/Skeleton3D" index="5"]
transform = Transform3D(1, 0, 0, 0, 0.999816, 0.0191608, 0, -0.0191608, 0.999816, 0, 1.29362, 0)
bone_name = "Chest"
bone_idx = 3

[node name="Hitbox" type="Area3D" parent="Armature/Skeleton3D/Chest" index="0"]
transform = Transform3D(1, 0, 0, 0, 1, 0, 0, 0, 1, 0, 0.0631649, 0)
script = ExtResource("2_7hv24")

[node name="CollisionShape3D" type="CollisionShape3D" parent="Armature/Skeleton3D/Chest/Hitbox" index="0"]
transform = Transform3D(1, 0, 0, 0, 1, 0, 0, 0, 1, 0, 0.0324609, 0)
shape = SubResource("CylinderShape3D_6xbtj")

[node name="Head" type="BoneAttachment3D" parent="Armature/Skeleton3D" index="6"]
transform = Transform3D(1, 0, 0, 0, 1, -3.72529e-09, 0, 7.45058e-09, 1, 0, 1.69962, 8.3819e-09)
bone_name = "Head"
bone_idx = 5

[node name="Hitbox" type="Area3D" parent="Armature/Skeleton3D/Head" index="0"]
transform = Transform3D(1, 0, 0, 0, 1, 0, 0, 0, 1, 0, 0.0901535, 0)
script = ExtResource("2_7hv24")

[node name="CollisionShape3D" type="CollisionShape3D" parent="Armature/Skeleton3D/Head/Hitbox" index="0"]
shape = SubResource("CylinderShape3D_v5vfk")

[node name="UpperArm_L" type="BoneAttachment3D" parent="Armature/Skeleton3D" index="7"]
transform = Transform3D(0.94374, 0.231522, 0.236119, 0.250355, -0.966716, -0.0527445, 0.216048, 0.108891, -0.970292, 0.206389, 1.49167, -1.28057e-08)
bone_name = "UpperArm.L"
bone_idx = 9

[node name="Hitbox" type="Area3D" parent="Armature/Skeleton3D/UpperArm_L" index="0"]
transform = Transform3D(1, -9.78616e-09, 2.79397e-09, 1.98816e-07, 1, 0, 0, -3.72529e-09, 1, 4.76837e-07, 0.124083, 7.45058e-09)
script = ExtResource("2_7hv24")

[node name="CollisionShape3D" type="CollisionShape3D" parent="Armature/Skeleton3D/UpperArm_L/Hitbox" index="0"]
shape = SubResource("CylinderShape3D_bpyyy")

[node name="LowerArm_L" type="BoneAttachment3D" parent="Armature/Skeleton3D" index="8"]
transform = Transform3D(0.938367, -0.129508, 0.320461, 0.327699, 0.0385116, -0.943997, 0.109914, 0.99083, 0.0785777, 0.273989, 1.2094, 0.0317944)
bone_name = "LowerArm.L"
bone_idx = 10

[node name="Hitbox" type="Area3D" parent="Armature/Skeleton3D/LowerArm_L" index="0"]
transform = Transform3D(1, 1.8772e-08, 0, 1.88084e-08, 1, 0, -1.39698e-09, -3.72529e-09, 1, 0, 0.124082, 0)
script = ExtResource("2_7hv24")

[node name="CollisionShape3D" type="CollisionShape3D" parent="Armature/Skeleton3D/LowerArm_L/Hitbox" index="0"]
shape = SubResource("CylinderShape3D_bpyyy")

[node name="UpperArm_R" type="BoneAttachment3D" parent="Armature/Skeleton3D" index="9"]
transform = Transform3D(0.914878, -0.333669, -0.227293, -0.379494, -0.902847, -0.202117, -0.137771, 0.271169, -0.952621, -0.206389, 1.49167, -1.28057e-08)
bone_name = "UpperArm.R"
bone_idx = 16

[node name="Hitbox" type="Area3D" parent="Armature/Skeleton3D/UpperArm_R" index="0"]
transform = Transform3D(1, 6.73026e-09, 0, -2.31666e-08, 1, 0, -3.25963e-09, 0, 1, -1.19209e-07, 0.161938, 0)
script = ExtResource("2_7hv24")

[node name="CollisionShape3D" type="CollisionShape3D" parent="Armature/Skeleton3D/UpperArm_R/Hitbox" index="0"]
shape = SubResource("CylinderShape3D_7gvem")

[node name="LowerArm_R" type="BoneAttachment3D" parent="Armature/Skeleton3D" index="10"]
transform = Transform3D(0.908533, -0.266578, -0.321719, -0.402821, -0.763289, -0.505099, -0.110916, 0.588495, -0.800857, -0.303815, 1.22805, 0.0791773)
bone_name = "LowerArm.R"
bone_idx = 17

[node name="Hitbox" type="Area3D" parent="Armature/Skeleton3D/LowerArm_R" index="0"]
transform = Transform3D(1, -1.4923e-08, -2.79397e-09, -1.49084e-08, 1, 3.72529e-09, -2.32831e-09, -3.72529e-09, 1, 1.19209e-07, 0.161938, -1.86265e-09)
script = ExtResource("2_7hv24")

[node name="CollisionShape3D" type="CollisionShape3D" parent="Armature/Skeleton3D/LowerArm_R/Hitbox" index="0"]
shape = SubResource("CylinderShape3D_bpyyy")

[node name="UpperLeg_L" type="BoneAttachment3D" parent="Armature/Skeleton3D" index="11"]
transform = Transform3D(0.999693, 0.0235948, -0.00760752, 0.0205914, -0.961169, -0.275191, -0.0138052, 0.274949, -0.96136, 0.138252, 0.983129, 0.0798196)
bone_name = "UpperLeg.L"
bone_idx = 22

[node name="Hitbox" type="Area3D" parent="Armature/Skeleton3D/UpperLeg_L" index="0"]
transform = Transform3D(1, 0, 0, 0, 1, 0, 0, 0, 1, 0, 0.279712, -0.000151199)
script = ExtResource("2_7hv24")

[node name="CollisionShape3D" type="CollisionShape3D" parent="Armature/Skeleton3D/UpperLeg_L/Hitbox" index="0"]
transform = Transform3D(1, 0, 0, 0, 1, 0, 0, 0, 1, 0, -0.000336945, 0.0281186)
shape = SubResource("CylinderShape3D_61vgn")

[node name="LowerLeg_L" type="BoneAttachment3D" parent="Armature/Skeleton3D" index="12"]
transform = Transform3D(0.999693, 0.0200355, -0.0146004, 0.0205914, -0.999028, 0.0389809, -0.0138052, -0.0392696, -0.999133, 0.15016, 0.498041, 0.218583)
bone_name = "LowerLeg.L"
bone_idx = 23

[node name="Hitbox" type="Area3D" parent="Armature/Skeleton3D/LowerLeg_L" index="0"]
transform = Transform3D(1, 3.30872e-24, 1.69407e-21, 0, 1, 0, 0, 0, 1, 0, 0.279712, 0.000161543)
script = ExtResource("2_7hv24")

[node name="CollisionShape3D" type="CollisionShape3D" parent="Armature/Skeleton3D/LowerLeg_L/Hitbox" index="0"]
transform = Transform3D(1, 3.30872e-24, 8.47033e-22, 0, 1, 0, 0, 0, 1, 0, 0.000359997, 0.0281183)
shape = SubResource("CylinderShape3D_61vgn")

[node name="UpperLeg_R" type="BoneAttachment3D" parent="Armature/Skeleton3D" index="13"]
transform = Transform3D(0.999671, -0.0238733, 0.00940397, -0.0235898, -0.999296, -0.0291793, 0.010094, 0.0289478, -0.99953, -0.138252, 0.983129, -0.0798196)
bone_name = "UpperLeg.R"
bone_idx = 25

[node name="Hitbox" type="Area3D" parent="Armature/Skeleton3D/UpperLeg_R" index="0"]
transform = Transform3D(1, 0, 0, 0, 1, 0, 0, 0, 1, 0, 0.279712, -0.000151199)
script = ExtResource("2_7hv24")

[node name="CollisionShape3D" type="CollisionShape3D" parent="Armature/Skeleton3D/UpperLeg_R/Hitbox" index="0"]
transform = Transform3D(1, 0, 0, 0, 1, 0, 0, 0, 1, 0, -0.000336945, 0.0281186)
shape = SubResource("CylinderShape3D_61vgn")

[node name="LowerLeg_R" type="BoneAttachment3D" parent="Armature/Skeleton3D" index="14"]
transform = Transform3D(0.999671, -0.0197385, 0.0163939, -0.0235898, -0.95836, 0.284585, 0.010094, -0.284878, -0.958511, -0.1503, 0.478799, -0.06521)
bone_name = "LowerLeg.R"
bone_idx = 26

[node name="Hitbox" type="Area3D" parent="Armature/Skeleton3D/LowerLeg_R" index="0"]
transform = Transform3D(1, 3.30872e-24, 1.69407e-21, 0, 1, 0, 0, 0, 1, 0, 0.279712, 0.000161543)
script = ExtResource("2_7hv24")

[node name="CollisionShape3D" type="CollisionShape3D" parent="Armature/Skeleton3D/LowerLeg_R/Hitbox" index="0"]
transform = Transform3D(1, 3.30872e-24, 8.47033e-22, 0, 1, 0, 0, 0, 1, 0, 0.000359997, 0.0281183)
shape = SubResource("CylinderShape3D_61vgn")

[node name="Physical Bone Hips" type="PhysicalBone3D" parent="Armature/Skeleton3D" index="15"]
transform = Transform3D(0.866179, -0.500093, 0, 0, 0, -1, 0.500093, 0.866179, 0, 0, 1.06955, 0)
collision_layer = 0
joint_offset = Transform3D(1, 0, 0, 0, 1, 0, 0, 0, 1, 0, 0, 0.100048)
body_offset = Transform3D(1.00018, -3.54648e-06, 0, 0, 0, -1, 3.54648e-06, 1.00018, 0, 0, 0.100048, 0)
mass = 4.0
linear_damp = 0.2
angular_damp = 0.4
bone_name = "Hips"

[node name="CollisionShape3D" type="CollisionShape3D" parent="Armature/Skeleton3D/Physical Bone Hips" index="0"]
transform = Transform3D(1, 0, 0, 0, 0, 1, 0, -1, 0, 0, 0, 0)
shape = SubResource("CapsuleShape3D_sebk8")

[node name="Physical Bone Torso" type="PhysicalBone3D" parent="Armature/Skeleton3D" index="16"]
transform = Transform3D(0.999891, 3.31784e-09, 0, 0, 0, -1, -3.31784e-09, 0.999891, 0, 0, 1.23156, 0)
collision_layer = 0
joint_offset = Transform3D(1, 0, 0, 0, 1, 0, 0, 0, 1, 0, 0, 0.0620589)
body_offset = Transform3D(0.999891, 3.31784e-09, 0, 0, 0, -1, -3.31784e-09, 0.999891, 0, 0, 0.0620589, 0)
mass = 4.0
linear_damp = 0.2
angular_damp = 0.4
bone_name = "Torso"

[node name="CollisionShape3D" type="CollisionShape3D" parent="Armature/Skeleton3D/Physical Bone Torso" index="0"]
transform = Transform3D(1, 0, 0, 0, 0, 1, 0, -1, 0, 0, 0, 0)
shape = SubResource("CapsuleShape3D_vevma")

[node name="Physical Bone Chest" type="PhysicalBone3D" parent="Armature/Skeleton3D" index="17"]
transform = Transform3D(0.999891, -2.21187e-08, -3.40155e-10, 1.20711e-10, 0.0191609, -0.999816, 4.5692e-09, 0.999813, 0.0191613, 7.29861e-11, 1.44882, -0.00297368)
collision_layer = 0
joint_offset = Transform3D(1, 0, 0, 0, 1, 0, 0, 0, 1, -2.02019e-11, -6.69555e-07, 0.155227)
body_offset = Transform3D(0.999891, -2.21187e-08, -3.40155e-10, 3.31397e-11, 2.01166e-07, -1, 4.57067e-09, 0.999997, 5.21541e-07, 7.29861e-11, 0.155227, 5.88596e-07)
mass = 4.0
linear_damp = 0.2
angular_damp = 0.4
bone_name = "Chest"

[node name="CollisionShape3D" type="CollisionShape3D" parent="Armature/Skeleton3D/Physical Bone Chest" index="0"]
transform = Transform3D(1, 0, 0, 0, 0, 1, 0, -1, 0, 0, 0, 0)
shape = SubResource("CapsuleShape3D_qhdic")

[node name="Physical Bone Neck" type="PhysicalBone3D" parent="Armature/Skeleton3D" index="18"]
transform = Transform3D(1, 2.90584e-10, -1.16684e-09, 1.41504e-10, -0.0622553, -0.99808, 9.76743e-11, 0.99808, -0.0622553, 5.90008e-11, 1.6519, -0.00297643)
collision_layer = 0
joint_offset = Transform3D(1, 0, 0, 0, 1, 0, 0, 0, 1, -3.23585e-12, -2.72817e-07, 0.0477914)
body_offset = Transform3D(1, 2.90584e-10, -1.16684e-09, 1.4731e-10, -8.19564e-08, -1.00002, 8.86757e-11, 1.00002, -5.96046e-08, 5.90008e-11, 0.0477923, 2.75671e-07)
mass = 4.0
linear_damp = 0.2
angular_damp = 0.4
bone_name = "Neck"

[node name="CollisionShape3D" type="CollisionShape3D" parent="Armature/Skeleton3D/Physical Bone Neck" index="0"]
transform = Transform3D(1, 0, 0, 0, 0, 1, 0, -1, 0, 0, 0, 0)
shape = SubResource("CapsuleShape3D_ervq6")

[node name="Physical Bone Head" type="PhysicalBone3D" parent="Armature/Skeleton3D" index="19"]
transform = Transform3D(-1, -9.20423e-10, -7.6252e-09, -3.03669e-18, 0.997903, -0.0647317, 1.33298e-08, -0.0647312, -0.998843, 2.48691e-10, 1.70481, 0.0801112)
collision_layer = 0
joint_offset = Transform3D(1, 0, 0, 0, 1, 0, 0, 0, 1, -3.62882e-10, 2.31806e-06, 0.0802038)
body_offset = Transform3D(-1, -9.20423e-10, -7.6252e-09, 4.66207e-17, 0.997903, -0.0647317, 1.33298e-08, -0.0647312, -0.998843, 2.48691e-10, 0.00518942, 0.0801112)
mass = 4.0
linear_damp = 0.2
angular_damp = 0.4
bone_name = "Head"

[node name="CollisionShape3D" type="CollisionShape3D" parent="Armature/Skeleton3D/Physical Bone Head" index="0"]
transform = Transform3D(1, 0, 0, 0, 0, 1, 0, -1, 0, 0, 0, 0)
shape = SubResource("CapsuleShape3D_3x021")

[node name="Physical Bone UpperArmL" type="PhysicalBone3D" parent="Armature/Skeleton3D" index="20"]
transform = Transform3D(0.944107, 0.236264, -0.2317, 0.250546, -0.0528083, 0.967488, 0.216168, -0.970871, -0.109004, 0.240082, 1.35059, 0.0158697)
collision_layer = 0
joint_offset = Transform3D(1, 0, 0, 0, 1, 0, 0, 0, 1, 9.43617e-05, -2.61244e-06, 0.145798)
body_offset = Transform3D(1.00042, -3.75509e-06, 4.93601e-07, -8.62069e-05, 3.22461e-05, -1.0008, -3.96967e-05, 1.0006, 2.75746e-05, -9.44734e-05, 0.145915, -1.40257e-06)
mass = 4.0
linear_damp = 0.2
angular_damp = 0.4
bone_name = "UpperArm.L"

[node name="CollisionShape3D" type="CollisionShape3D" parent="Armature/Skeleton3D/Physical Bone UpperArmL" index="0"]
transform = Transform3D(1, 0, 0, 0, 0, 1, 0, -1, 0, 0, 0, 0)
shape = SubResource("CapsuleShape3D_vxh5s")

[node name="Physical Bone LowerArmL" type="PhysicalBone3D" parent="Armature/Skeleton3D" index="21"]
transform = Transform3D(0.938772, 0.320585, 0.129561, 0.327858, -0.944385, -0.0385173, 0.109986, 0.0786324, -0.991096, 0.258765, 1.21409, 0.147593)
collision_layer = 0
joint_offset = Transform3D(1, 0, 0, 0, 1, 0, 0, 0, 1, 2.11822e-05, 0.000200155, 0.116857)
body_offset = Transform3D(1.00044, -4.909e-06, 1.80975e-05, 2.49818e-05, 2.32607e-05, -1.00027, -1.52597e-05, 1.00041, 1.31875e-06, -2.33054e-05, 0.116889, -0.000200391)
mass = 4.0
linear_damp = 0.2
angular_damp = 0.4
bone_name = "LowerArm.L"

[node name="CollisionShape3D" type="CollisionShape3D" parent="Armature/Skeleton3D/Physical Bone LowerArmL" index="0"]
transform = Transform3D(1, 0, 0, 0, 0, 1, 0, -1, 0, 0, 0, 0)
shape = SubResource("CapsuleShape3D_2qlh3")

[node name="Physical Bone UpperHandL" type="PhysicalBone3D" parent="Armature/Skeleton3D" index="22"]
transform = Transform3D(0.60101, 0.779415, -0.178157, 0.763429, -0.492867, 0.418372, 0.238333, -0.38729, -0.890856, 0.253187, 1.19644, 0.310222)
collision_layer = 0
joint_offset = Transform3D(1, 0, 0, 0, 1, 0, 0, 0, 1, -9.27249e-05, -4.24257e-05, 0.0526155)
body_offset = Transform3D(1.00042, -5.29438e-05, 2.97725e-05, 2.66582e-05, 1.05798e-05, -1.0002, -8.40575e-05, 1.0002, -2.96831e-05, 9.11951e-05, 0.0526261, 4.39882e-05)
mass = 4.0
linear_damp = 0.2
angular_damp = 0.4
bone_name = "UpperHand.L"

[node name="CollisionShape3D" type="CollisionShape3D" parent="Armature/Skeleton3D/Physical Bone UpperHandL" index="0"]
transform = Transform3D(1, 0, 0, 0, 0, 1, 0, -1, 0, 0, 0, 0)
shape = SubResource("CapsuleShape3D_v3l8k")

[node name="Physical Bone UpperArmR" type="PhysicalBone3D" parent="Armature/Skeleton3D" index="23"]
transform = Transform3D(0.915136, -0.227405, 0.333636, -0.379559, -0.202281, 0.903205, -0.137844, -0.953242, -0.271271, -0.255034, 1.35993, 0.039563)
collision_layer = 0
joint_offset = Transform3D(1, 0, 0, 0, 1, 0, 0, 0, 1, -1.6876e-05, 7.22133e-07, 0.145849)
body_offset = Transform3D(1.00027, 4.53144e-05, -0.000151124, -4.77619e-05, 1.66893e-05, -1.00034, 2.40058e-05, 1.00065, 3.18289e-05, 3.89218e-05, 0.145899, -5.36442e-06)
mass = 4.0
linear_damp = 0.2
angular_damp = 0.4
bone_name = "UpperArm.R"

[node name="CollisionShape3D" type="CollisionShape3D" parent="Armature/Skeleton3D/Physical Bone UpperArmR" index="0"]
transform = Transform3D(1, 0, 0, 0, 0, 1, 0, -1, 0, 0, 0, 0)
shape = SubResource("CapsuleShape3D_k1yf1")

[node name="Physical Bone LowerArmR" type="PhysicalBone3D" parent="Armature/Skeleton3D" index="24"]
transform = Transform3D(0.908686, -0.321732, 0.266665, -0.403081, -0.505165, 0.763648, -0.110791, -0.800997, -0.588805, -0.334901, 1.13883, 0.147928)
collision_layer = 0
joint_offset = Transform3D(1, 0, 0, 0, 1, 0, 0, 0, 1, -6.82799e-05, -1.20202e-05, 0.116792)
body_offset = Transform3D(1.00023, 3.0525e-05, -3.12254e-05, 0.00023181, -2.89977e-05, -1.00048, -1.83582e-05, 1.00015, 3.91304e-05, 7.19428e-05, 0.116848, 7.45058e-06)
mass = 4.0
linear_damp = 0.2
angular_damp = 0.4
bone_name = "LowerArm.R"

[node name="CollisionShape3D" type="CollisionShape3D" parent="Armature/Skeleton3D/Physical Bone LowerArmR" index="0"]
transform = Transform3D(1, 0, 0, 0, 0, 1, 0, -1, 0, 0, 0, 0)
shape = SubResource("CapsuleShape3D_nru1w")

[node name="Physical Bone UpperHandR" type="PhysicalBone3D" parent="Armature/Skeleton3D" index="25"]
transform = Transform3D(0.737783, -0.549051, 0.393033, -0.673415, -0.556184, 0.48756, -0.049066, -0.624101, -0.779802, -0.386716, 1.02396, 0.257753)
collision_layer = 0
joint_offset = Transform3D(1, 0, 0, 0, 1, 0, 0, 0, 1, -0.000100823, 1.52589e-05, 0.0526347)
body_offset = Transform3D(1.00011, -1.15354e-05, -1.45659e-06, 9.34228e-05, 0.000101089, -1.00014, 9.57083e-05, 1.00015, -0.000192374, 0.000100911, 0.0526421, -5.126e-06)
mass = 4.0
linear_damp = 0.2
angular_damp = 0.4
bone_name = "UpperHand.R"

[node name="CollisionShape3D" type="CollisionShape3D" parent="Armature/Skeleton3D/Physical Bone UpperHandR" index="0"]
transform = Transform3D(1, 0, 0, 0, 0, 1, 0, -1, 0, 0, 0, 0)
shape = SubResource("CapsuleShape3D_5qpgk")

[node name="Physical Bone UpperLegL" type="PhysicalBone3D" parent="Armature/Skeleton3D" index="26"]
transform = Transform3D(0.999703, -0.0076062, -0.0235949, 0.0205938, -0.275231, 0.96131, -0.0138055, -0.961442, -0.274932, 0.144198, 0.740584, 0.149211)
collision_layer = 0
joint_offset = Transform3D(1, 0, 0, 0, 1, 0, 0, 0, 1, 7.27826e-06, 2.35427e-05, 0.252313)
body_offset = Transform3D(1.00001, 1.61491e-06, 2.63145e-06, -2.12202e-06, 1.66893e-05, -1.00013, -5.06639e-07, 1.00009, -5.51641e-05, -7.94232e-06, 0.252346, -9.62615e-06)
mass = 4.0
linear_damp = 0.2
angular_damp = 0.4
bone_name = "UpperLeg.L"

[node name="CollisionShape3D" type="CollisionShape3D" parent="Armature/Skeleton3D/Physical Bone UpperLegL" index="0"]
transform = Transform3D(1, 0, 0, 0, 0, 1, 0, -1, 0, 0, 0, 0)
shape = SubResource("CapsuleShape3D_ek11x")

[node name="Physical Bone LowerLegL" type="PhysicalBone3D" parent="Armature/Skeleton3D" index="27"]
transform = Transform3D(0.999773, -0.0145994, -0.0200378, 0.0205931, 0.0389812, 0.999148, -0.0138049, -0.999104, 0.039276, 0.154909, 0.261675, 0.209295)
collision_layer = 0
joint_offset = Transform3D(1, 0, 0, 0, 1, 0, 0, 0, 1, -8.88155e-06, 4.22621e-06, 0.236568)
body_offset = Transform3D(1.00008, 5.74626e-07, 6.79283e-08, -1.6822e-08, -1.41561e-06, -1.00012, -1.40909e-06, 0.999971, -1.61305e-06, 8.86619e-06, 0.236596, -3.8445e-06)
mass = 4.0
linear_damp = 0.2
angular_damp = 0.4
bone_name = "LowerLeg.L"

[node name="CollisionShape3D" type="CollisionShape3D" parent="Armature/Skeleton3D/Physical Bone LowerLegL" index="0"]
transform = Transform3D(1, 0, 0, 0, 0, 1, 0, -1, 0, 0, 0, 0)
shape = SubResource("CapsuleShape3D_ojek7")

[node name="Physical Bone UpperLegR" type="PhysicalBone3D" parent="Armature/Skeleton3D" index="28"]
transform = Transform3D(0.999921, 0.00940686, 0.0238793, -0.0235976, -0.0291867, 0.999535, 0.0100973, -0.99979, -0.0289627, -0.144267, 0.730911, -0.0725148)
collision_layer = 0
joint_offset = Transform3D(1, 0, 0, 0, 1, 0, 0, 0, 1, -1.04311e-05, -3.61943e-06, 0.252335)
body_offset = Transform3D(1.00025, 4.40516e-07, 2.47644e-07, 1.94492e-06, -1.71363e-07, -1.00024, -7.05943e-07, 1.00026, 7.91065e-06, 1.03712e-05, 0.252396, 1.62423e-06)
mass = 4.0
linear_damp = 0.2
angular_damp = 0.4
bone_name = "UpperLeg.R"

[node name="CollisionShape3D" type="CollisionShape3D" parent="Armature/Skeleton3D/Physical Bone UpperLegR" index="0"]
transform = Transform3D(1, 0, 0, 0, 0, 1, 0, -1, 0, 0, 0, 0)
shape = SubResource("CapsuleShape3D_bnhys")

[node name="Physical Bone LowerLegR" type="PhysicalBone3D" parent="Armature/Skeleton3D" index="29"]
transform = Transform3D(0.999761, 0.0163953, 0.0197413, -0.0235902, 0.284566, 0.958468, 0.0100925, -0.958483, 0.284868, -0.154967, 0.252029, -0.132619)
collision_layer = 0
joint_offset = Transform3D(1, 0, 0, 0, 1, 0, 0, 0, 1, -3.42545e-06, -9.77192e-06, 0.236598)
body_offset = Transform3D(1.00009, 2.10758e-06, 1.19675e-07, -9.81381e-07, 9.98378e-06, -1.0001, 2.84053e-06, 0.999968, 4.02927e-05, 3.39746e-06, 0.236622, 2.38419e-07)
mass = 4.0
linear_damp = 0.2
angular_damp = 0.4
bone_name = "LowerLeg.R"

[node name="CollisionShape3D" type="CollisionShape3D" parent="Armature/Skeleton3D/Physical Bone LowerLegR" index="0"]
transform = Transform3D(1, 0, 0, 0, 0, 1, 0, -1, 0, 0, 0, 0)
shape = SubResource("CapsuleShape3D_6edrg")

[node name="AnimationTree" type="AnimationTree" parent="." index="2"]
tree_root = SubResource("AnimationNodeBlendTree_67f4j")
anim_player = NodePath("../AnimationPlayer")
active = true
root_motion_track = NodePath("Armature/Skeleton3D:Root")
parameters/attack_blend/blend_amount = 1.0
parameters/attack_seek/seek_request = -1.0
parameters/attack_speed/scale = 1.0
parameters/block_blend/blend_amount = 0
parameters/equip_blend/blend_amount = 0
parameters/equip_seek/seek_request = -1.0
parameters/hurt/add_amount = 0
parameters/look_y/add_amount = 0.0
parameters/move/blend_position = Vector2(-0.00306433, 0.0050633)
parameters/move_speed/scale = 2.0

[node name="RootMotionView" type="RootMotionView" parent="AnimationTree" index="0"]
animation_path = NodePath("..")
